0  540  660 3.77 3.75
0  610  760 2.18 3.81
1  610  560 3.19 3.73
1  430  470 2.21 3.54
0  630  630 3.59 4.00
1  440  580 3.25 3.20
0  532  550 2.46 3.01
1  560  540 2.00 2.77
1  500  570 2.67 3.52
0  360  500 2.23 2.69
0  560  610 3.31 3.93
1  460  550 3.20 3.41
1  470  400 2.93 3.93
1  600  430 2.17 2.60
0  424  569 2.69 3.10
0  550  590 3.74 3.43
1  435  537 2.56 3.52
0  721  581 2.92 3.57
1  490  520 2.38 2.93
0  430  510 3.07 3.75
1  380  490 3.35 3.03
1  500  690 2.71 3.06
1  550  620 2.86 4.00
0  520  580 2.38 3.21
1  490  440 2.32 3.06
0  529  564 3.39 3.41
1  480  560 2.15 3.38
0  430  610 2.45 3.37
1  480  600 2.81 3.70
0  590  680 3.60 2.97
1  400  630 2.53 3.23
1  310  460 2.47 3.31
1  390  340 1.63 3.00
1  460  520 3.13 3.57
0  570  690 2.32 3.33
1  460  500 3.20 3.75
1  390  590 1.74 3.07
1  540  630 3.24 3.69
0  470  480 2.72 3.23
1  510  490 3.32 3.36
1  430  580 3.25 3.74
0  314  502 2.28 3.10
0  480  720 3.34 3.21
0  500  460 2.69 3.47
0  550  650 3.41 3.94
1  364  497 2.68 2.69
0  460  500 3.27 3.33
0  420  490 2.23 2.97
0  340  410 1.80 2.08
1  540  370 2.15 3.37
0  630  530 3.05 2.87
0  510  720 3.31 2.93
1  580  510 3.42 3.61
0  330  440 2.11 2.89
0  570  460 2.14 2.47
1  342  357 3.40 2.76
1  420  570 2.30 3.06
0  490  380 2.84 2.63
1  470  540 3.00 3.87
0  500  620 3.69 3.38
1  500  380 2.95 3.56
0  600  620 3.27 3.81
1  530  570 2.89 2.93
0  540  410 2.32 2.53
0  500  690 2.52 2.72
0  491  485 2.56 3.32
1  360  530 2.07 2.59
0  480  580 2.34 3.29
0  459  669 3.80 3.16
0  487  569 2.25 2.73
1  410  520 2.61 3.66
1  600  680 1.45 3.36
1  640  430 2.09 3.21
1  430  610 2.05 3.81
1  540  620 3.70 3.94
1  440  560 2.14 3.19
1  510  640 3.59 3.97
1  400  530 2.41 3.03
0  520  540 3.39 3.15
0  550  620 3.40 3.63
0  570  520 2.89 2.30
1  450  370 2.52 3.20
0  550  530 2.79 2.81
0  500  670 2.77 3.79
1  550  620 3.53 4.00
1  500  590 2.41 2.83
0  369  471 2.68 3.34
1  480  570 2.83 3.74
0  460  540 2.60 3.81
0  440  630 3.67 3.71
0  360  490 3.35 2.93
1  360  450 2.52 3.83
1  560  600 3.02 3.84
1  460  520 3.46 3.43
1  500  470 3.44 3.93
0  350  610 2.13 2.57
0  650  530 2.53 3.12
1  600  550 2.65 3.13
0  580  710 3.56 3.81
1  582  524 1.68 3.06
0  570  730 3.40 3.94
0  640  640 1.27 2.64
1  450  590 3.38 3.42
0  350  320 2.41 2.71
0  550  580 2.12 3.44
0  410  430 2.60 2.00
0  510  620 1.74 3.47
0  520  760 3.33 3.33
0  480  590 2.04 3.07
1  390  690 1.98 3.41
1  420  530 2.48 3.73
1  470  560 1.26 3.13
1  390  450 2.04 2.41
0  280  510 2.03 3.00
0  340  450 2.56 3.00
1  540  580 3.03 3.73
1  560  580 1.63 3.18
0  440  500 2.05 2.67
0  600  630 1.57 3.13
0  510  610 2.94 3.54
1  419  596 2.09 3.20
1  350  380 3.77 2.58
0  421  665 1.68 3.21
1  480  480 3.56 4.00
0  690  710 2.87 3.50
0  530  650 3.73 3.63
0  450  670 3.82 3.67
0  450  700 2.25 2.91
0  490  520 2.80 2.68
0  411  426 2.11 2.39
0  620  650 3.18 3.62
0  430  660 3.46 3.06
1  520  640 2.82 4.00
1  590  570 3.25 2.91
1  477  581 2.50 2.72
1  456  657 3.03 3.41
1  550  590 3.54 3.94
0  510  540 3.22 4.00
0  380  610 2.10 3.27
1  540  620 2.86 3.56
1  450  570 3.34 2.62
1  490  570 2.68 3.19
1  610  570 3.59 3.50
0  500  570 2.09 2.90
0  499  558 2.44 2.67
1  530  650 2.52 3.80
0  500  600 3.10 3.71
0  410  590 2.54 2.88
0  570  530 2.72 3.20
0  420  450 2.97 3.47
0  550  800 3.85 3.97
0  530  422 2.16 2.69
0  310  610 1.84 2.79
1  480  520 2.58 2.93
1  477  493 2.67 3.89
0  560  580 3.20 2.84
1  540  580 2.81 3.59
0  510  540 3.00 2.12
1  580  570 2.45 3.64
0  460  770 3.86 4.00
0  360  530 2.82 3.03
0  510  520 2.61 2.73
1  590  610 3.03 3.75
0  490  550 2.50 3.29
0  630  610 3.14 3.59
0  510  490 3.32 3.28
1  460  470 2.25 3.27
1  410  550 3.22 2.56
1  600  630 3.24 3.81
1  480  520 2.16 3.87
0  564  518 1.71 2.29
0  540  540 3.55 3.47
0  560  650 3.47 3.24
0  550  510 2.76 3.17
1  440  480 2.82 3.07
0  614  542 2.50 3.53
0  350  560 1.33 2.34
1  740  730 3.95 4.00
1  520  540 2.96 3.50
0  510  480 2.75 3.21
0  560  620 2.52 3.11
1  324  417 1.57 2.53
0  590  620 1.64 3.38
0  550  600 3.33 3.26
1  408  505 1.57 2.95
0  570  650 2.67 3.57
0  610  500 2.25 2.67
0  520  540 2.36 2.67
0  340  440 2.56 2.60
0  510  610 3.36 2.43
1  450  610 2.79 3.13
0  537  652 2.67 2.97
1  540  450 2.50 3.19
1  410  500 2.73 3.27
0  500  520 3.14 2.17
1  470  540 3.23 3.61
1  490  490 2.07 3.45
1  580  720 3.67 3.93
1  460  490 2.16 3.29
0  504  438 3.57 2.71
0  460  540 3.24 3.75
0  430  550 2.76 3.07
1  460  610 2.72 3.38
0  570  760 2.66 3.13
0  710  740 3.78 4.00
1  570  690 3.71 3.81
0  510  640 3.28 3.76
0  420  650 1.93 2.29
1  640  610 2.73 2.56
1  600  610 3.97 3.81
1  530  540 3.03 3.20
1  500  510 2.00 3.27
1  374  471 3.13 3.48
1  480  500 2.46 3.56
0  560  530 3.18 3.05
0  360  630 2.78 3.06
1  470  630 3.37 3.87
0  600  520 2.94 2.79
0  300  530 2.71 2.93
0  570  600 2.75 3.06
0  480  570 2.86 3.93
0  710  750 1.41 3.10
1  310  400 0.50 2.21
0  440  400 2.77 3.13
1  500  530 3.30 3.66
0  400  450 1.94 3.07
0  570  550 2.08 2.80
0  490  590 3.22 2.73
0  337  481 1.23 2.42
1  710  450 2.75 3.73
1  590  490 3.20 3.47
0  540  540 2.47 2.93
0  480  580 3.38 3.12
0  520  630 2.86 3.63
0  500  630 3.07 3.21
0  618  673 2.18 2.88
0  420  491 2.50 3.49
0  460  520 2.07 3.64
0  402  519 2.07 3.40
0  590  630 2.65 2.67
1  590  560 2.77 3.80
1  610  540 3.12 2.97
1  480  510 3.87 3.81
0  500  570 3.43 4.00
1  400  500 3.09 2.64
1  351  416 3.32 2.79
1  490  500 3.48 3.83
1  790  640 3.81 4.00
0  490  650 3.21 3.73
1  500  490 2.80 3.86
1  480  630 2.86 3.20
0  530  630 3.38 3.78
1  660  550 3.31 3.67
1  470  620 2.06 3.53
0  333  414 1.86 2.20
0  480  550 2.60 3.81
0  421  470 2.97 2.41
1  420  510 2.24 3.40
1  360  560 3.11 4.00
1  300  340 1.94 2.38
1  680  650 3.60 4.00
0  450  460 1.88 2.12
0  340  520 2.00 3.21
0  410  610 2.61 3.81
0  620  520 2.78 2.38
0  610  690 2.78 3.26
1  550  660 3.99 3.94
0  600  660 2.65 3.14
0  460  560 2.10 3.23
1  210  470 2.80 3.29
1  600  470 2.38 2.67
1  530  500 2.55 3.57
1  470  560 3.04 3.33
0  440  620 2.80 3.71
0  670  730 3.66 4.00
0  480  560 2.07 2.79
0  560  730 3.41 3.52
0  680  660 2.44 2.79
0  490  370 2.50 3.38
