    1    0      1200000     3000000    0
    2    0      1454000     1454000    1
    3    0      1500000      300000    0
    4    0      1530000      510000    0
    5    0      2000000      800000    0
    6    0      2100000      700000    0
    7    0      2100000      400000    0
    8    1      2500000      500000    0
    9    0      2500000      500000    0
   10    0      2750000      550000    0
   11    0      2750000      550000    0
   12    0      2800000      800000    0
   13    0      3000000     1000000    0
   14    0      3150000      450000    0
   15    0      3200000      640000    0
   16    0      3341250     1215000    0
   17    0      3500000      700000    0
   18    0      3575000     1100000    0
   19    0      3600000      600000    0
   20    0      3600000      600000    0
   21    0      3900000     1200000    0
   22    0      4000000      800000    1
   23    0      4025000      575000    0
   24    0      4050000     1350000    0
   25    0      4100000      820000    0
   26    0      4200000      700000    1
   27    0      4200000      700000    0
   28    0      4200000      700000    0
   29    0      4250000      850000    0
   30    0      4250000     1000000    0
   31    0      4250000      850000    0
   32    0      4375000      625000    0
   33    0      4400000     1100000    0
   34    0      4400000     1100000    0
   35    1      4500000     1000000    0
   36    0      4550000     1300000    0
   37    0      4567500      870000    0
   38    0      4725000      900000    0
   39    0      4875000      975000    0
   40    0      4925000      985000    0
   41    0      4950000     1100000    0
   42    0      4950000     1100000    0
   43    0      5000000     1000000    0
   44    0      5000000     1000000    0
   45    0      5000000     1000000    0
   46    0      5000000     1000000    0
   47    0      5000000     1000000    0
   48    1      5000000     1000000    0
   49    0      5125000     1000000    0
   50    0      5152500      687000    0
   51    0      5208331      833333    0
   52    0      5250000     1050000    0
   53    0      5250000     1750000    0
   54    1      5250000     1500000    0
   55    1      5400000     1800000    0
   56    0      5460000      910000    0
   57    1      5500000     1000000    0
   58    0      5500000      550000    0
   59    0      5500000     1000000    0
   60    0      5600000      800000    0
   61    0      5675000     1135000    1
   62    0      5700000      950000    0
   63    1      5750000     1150000    0
   64    0      5850000      900000    0
   65    0      6000000     2000000    0
   66    0      6000000     1000000    0
   67    0      6000000     1000000    0
   68    0      6000000     1200000    0
   69    0      6000000     1200000    0
   70    1      6000000     1000000    0
   71    0      6000000     1000000    0
   72    0      6000000     1000000    0
   73    1      6000000     1500000    0
   74    0      6090560     1120000    0
   75    0      6250000     1250000    0
   76    1      6300000      700000    0
   77    0      6500000     1300000    0
   78    0      6500000     1300000    0
   79    0      6500000     1300000    0
   80    1      6500000     1000000    0
   81    1      6600000     1200000    0
   82    0      6600000     1100000    0
   83    0      6600000     1100000    0
   84    0      6640000      830000    0
   85    1      6750000     1000000    0
   86    0      6800000      850000    0
   87    0      6900000      690000    0
   88    0      7000000     1000000    0
   89    0      7150000     1100000    1
   90    1      7200000     1200000    0
   91    0      7200000     1200000    1
   92    0      7200000      800000    0
   93    0      7200000     1200000    0
   94    0      7500000     1500000    1
   95    1      7500000     3000000    0
   96    1      7500000     1500000    0
   97    0      7500000     1200000    0
   98    0      7500000     1500000    0
   99    0      7500000     1200000    0
  100    0      7740000     1290000    0
  101    0      7800000     1300000    0
  102    0      8000000     1600000    0
  103    0      8000000      800000    0
  104    0      8100000     1200000    0
  105    0      8250000     1000000    0
  106    0      8400000     1200000    0
  107    1      8400000     1200000    0
  108    1      8500000     1000000    0
  109    1      8550000      900000    0
  110    1      8610000     1230000    0
  111    0      8800000     1100000    0
  112    0      9000000     1125000    1
  113    0      9062500     1250000    0
  114    1      9375000     1500000    1
  115    1      9625000     1375000    0
  116    1     10000000     2000000    0
  117    1     10000000     2000000    0
  118    0     10000000     1000000    0
  119    0     10103125     1325000    0
  120    0     10200000     1700000    0
  121    0     10200000     1700000    0
  122    1     10400000     1600000    0
  123    0     10450000     1100000    0
  124    0     10500000     1500000    0
  125    1     10725000     1300000    0
  126    1     10725000     1300000    0
  127    0     10800000     1200000    0
  128    0     11000000     1000000    0
  129    0     11000000     1100000    0
  130    1     11000003     1571429    0
  131    0     11025000     1225000    0
  132    0     11550000     1100000    0
  133    0     11700000     1300000    0
  134    0     11700000     1300000    0
  135    0     11880000     1320000    0
  136    0     11900000     1400000    0
  137    1     11925000     1325000    0
  138    0     12000000     1500000    0
  139    0     12000000     1500000    0
  140    0     12000000     1500000    0
  141    1     12000000     1000000    0
  142    1     12000000     2000000    0
  143    0     12000000     1200000    0
  144    0     12075000     1050000    0
  145    0     12100000     1100000    0
  146    1     12100000     1100000    0
  147    1     12250000     1750000    0
  148    1     12500000     2500000    0
  149    0     12500000     2000000    0
  150    0     12500000     1250000    0
  151    1     12600000     1800000    0
  152    0     12750000     1700000    0
  153    1     12800000     1600000    0
  154    0     12800000     1600000    0
  155    1     13000000     2000000    0
  156    1     13000000     2000000    0
  157    0     13000000     1625000    0
  158    0     13000000     1300000    0
  159    0     13125000     1050000    1
  160    1     13125000     1500000    0
  161    1     13168000     1646000    0
  162    1     13200000     1200000    0
  163    1     13330000     1333000    0
  164    1     13500000     1500000    0
  165    0     13500000     1500000    1
  166    0     13500000     1500000    0
  167    0     13500000     1200000    0
  168    1     13500000     1500000    0
  169    0     13500000     1350000    0
  170    0     13965000     1330000    0
  171    0     14000000     2000000    0
  172    1     14000000     1750000    0
  173    0     14100000     2350000    0
  174    1     14150000     1415000    1
  175    0     14400000     1600000    0
  176    1     14400000     1800000    1
  177    1     14400000      900000    0
  178    1     14450000     1700000    0
  179    1     14500000     2000000    0
  180    1     14700000     2100000    0
  181    1     15000000     1500000    0
  182    1     15000000     1250000    0
  183    0     15000000     1500000    0
  184    0     15000000     1000000    0
  185    0     15000000     1875000    0
  186    1     15000000     1500000    0
  187    1     15000000     1500000    0
  188    0     15000000     2000000    0
  189    1     15000000     1250000    0
  190    1     15187500     1350000    0
  191    0     15187500     1350000    0
  192    0     15400000     1100000    0
  193    0     15400000     2200000    0
  194    1     15600000     1200000    0
  195    1     15750000     1750000    0
  196    1     16000000     2000000    0
  197    1     16000000     2000000    0
  198    1     16000000     1600000    0
  199    0     16000000     2000000    0
  200    1     16055000     1690000    0
  201    0     16095000     1073000    0
  202    1     16100000     2300000    0
  203    0     16100000     1400000    0
  204    1     16200000     1800000    0
  205    1     16250000     2500000    0
  206    1     16312500     1450000    0
  207    1     16500000     3300000    0
  208    0     16575000     1950000    0
  209    1     16625000     1750000    0
  210    0     16800000     1200000    0
  211    1     16900000     1300000    0
  212    0     17000000     2000000    0
  213    0     17062500     1750000    0
  214    1     17100000     1800000    0
  215    1     17500000     1750000    0
  216    1     17500000     2500000    0
  217    1     17500000     2500000    0
  218    0     17500000     2500000    0
  219    0     17500000     2500000    0
  220    0     17500000     1400000    0
  221    0     18000000     2000000    0
  222    1     18000000     1500000    0
  223    1     18000000     1800000    0
  224    1     18000000     1800000    0
  225    0     18000000     2000000    0
  226    1     18000000     2250000    0
  227    0     18000000     3600000    0
  228    1     18050000     1900000    0
  229    1     18700000     1700000    0
  230    0     18750000     1500000    0
  231    0     18900000     1800000    0
  232    0     18900000     2100000    0
  233    0     18900000     1400000    0
  234    0     19000000     2000000    0
  235    1     19200000     1600000    0
  236    1     19200000     2400000    0
  237    0     19200000     1600000    0
  238    1     19250000     1750000    0
  239    1     19350000     1800000    0
  240    1     19500000     1300000    0
  241    1     19500000     1500000    0
  242    1     19500000     1500000    0
  243    1     19550000     1700000    0
  244    0     19575000     1350000    0
  245    1     19800000     1800000    0
  246    1     20000000     2000000    1
  247    1     20000000     2500000    0
  248    0     20000000     2000000    0
  249    0     20000000     2000000    1
  250    0     20125000     1750000    0
  251    1     20312500     1625000    0
  252    1     20400000     1700000    0
  253    1     20700000     1800000    0
  254    1     21000000     3000000    0
  255    0     21000000     1750000    0
  256    1     21000000     2100000    0
  257    1     21000000     2100000    1
  258    0     21156000     1763000    0
  259    1     21250000     2500000    0
  260    1     21292500     1670000    0
  261    0     21600000     2700000    0
  262    0     21750000     2175000    0
  263    1     22000000     2000000    0
  264    1     22000000     2000000    0
  265    0     22050000     2100000    0
  266    1     22100000     1700000    0
  267    0     22380000     1865000    0
  268    1     22400000     1600000    0
  269    0     22400000     1600000    0
  270    1     22500000     1875000    0
  271    1     22800000     1900000    0
  272    1     22800000     1900000    0
  273    0     22883080     2080280    1
  274    0     22950000     1700000    0
  275    0     23000000     2000000    0
  276    1     23000000     2000000    0
  277    0     23100000     2100000    0
  278    1     23125000     2500000    0
  279    0     23200000     2900000    0
  280    0     23400000     2600000    0
  281    0     23625000     1750000    0
  282    1     24000000     2000000    0
  283    0     24000000     2000000    0
  284    0     24000000     2000000    0
  285    1     24000000     3000000    0
  286    1     24050000     1850000    0
  287    0     24300000     2700000    0
  288    1     25000000     2500000    0
  289    1     25000000     2500000    0
  290    1     25200000     2100000    0
  291    0     25200000     1800000    0
  292    0     25300000     2300000    1
  293    1     25500000     1700000    1
  294    0     25500000     3000000    0
  295    1     25550000     2800000    0
  296    1     26000000     3250000    0
  297    1     26000000     2000000    0
  298    1     26000000     2000000    0
  299    1     26250000     1875000    0
  300    1     26250000     2500000    0
  301    1     26302500     2505000    0
  302    0     26400000     2400000    0
  303    1     26450000     2300000    0
  304    0     26650000     2050000    0
  305    0     26775000     4200000    0
  306    1     27000000     3000000    0
  307    0     27000000     2000000    0
  308    1     27000000     1800000    0
  309    0     27200000     3200000    0
  310    0     27300000     2100000    0
  311    0     27300000     2100000    0
  312    0     27500000     2500000    0
  313    1     27600000     2300000    0
  314    0     27700000     2770000    0
  315    0     27775000     2525000    1
  316    0     27840000     2320000    0
  317    1     27900000     1550000    0
  318    1     27975000     1865000    0
  319    1     28000000     2000000    0
  320    1     28035000     2670000    0
  321    1     28050000     3300000    0
  322    1     28500000     2850000    0
  323    0     28600000     2200000    0
  324    0     28750000     2875000    0
  325    0     28800000     1800000    0
  326    0     29037500     2525000    1
  327    0     29050000     2075000    0
  328    1     29250000     2250000    0
  329    0     29700000     3300000    0
  330    1     29700000     2700000    0
  331    1     29750000     3500000    0
  332    1     29750000     3500000    0
  333    1     30000000     2500000    0
  334    1     30000000     2000000    1
  335    1     30000000     3000000    0
  336    1     30000000     2500000    0
  337    1     30000000     1200000    0
  338    1     30000000     2000000    0
  339    1     30000000     2500000    0
  340    1     30000000     3000000    0
  341    1     30000000     3000000    0
  342    0     30000000     3000000    0
  343    1     30250000     2750000    0
  344    0     30367596     2169114    1
  345    1     30450000     2100000    0
  346    0     30800000     2800000    0
  347    1     30800000     2800000    0
  348    1     30800000     2200000    0
  349    1     30816000     2568000    0
  350    0     31000000     3100000    0
  351    1     31200000     2600000    0
  352    1     31200000     1950000    1
  353    1     31200000     2600000    1
  354    1     31200000     2600000    0
  355    1     31250000     2500000    0
  356    0     31800000     2650000    0
  357    1     31830000     2122000    1
  358    1     32000000     2000000    0
  359    0     32200000     2300000    0
  360    0     32500000     5000000    0
  361    1     32500000     2500000    0
  362    0     32500000     2500000    0
  363    1     32500000     2500000    0
  364    0     32550000     2100000    1
  365    1     33000000     3000000    0
  366    1     33350000     2300000    0
  367    1     33400000     3340000    0
  368    0     33500000     3350000    1
  369    1     33600000     2100000    0
  370    0     33600000     2800000    0
  371    1     33800000     2600000    0
  372    0     34500000     3000000    0
  373    0     35000000     5000000    0
  374    0     35000000     2500000    0
  375    0     35100000     2700000    0
  376    0     35100000     2700000    0
  377    1     35100000     2700000    0
  378    0     35200000     2200000    0
  379    1     35200000     2200000    0
  380    0     35680000     1784000    1
  381    1     35829024     3257184    0
  382    1     36000000     2000000    0
  383    1     36000000     2400000    0
  384    1     36000000     3000000    0
  385    0     36800000     2300000    0
  386    1     37300000     1865000    0
  387    1     37400000     2200000    0
  388    1     37500000     2500000    0
  389    1     37500000     2500000    0
  390    1     37500000     2500000    0
  391    1     37600000     2350000    0
  392    0     37800000     3150000    1
  393    0     38250000     2550000    0
  394    1     38400000     2400000    0
  395    1     39000000     3000000    0
  396    1     39000000     2000000    0
  397    0     39000000     3000000    0
  398    0     39875000     2750000    0
  399    0     39900000     2850000    0
  400    1     40000000     4000000    0
  401    1     40500000     2700000    1
  402    0     40500000     2700000    1
  403    0     40500000     2250000    0
  404    0     40833310     2333332    0
  405    1     41223725     3297898    1
  406    0     41250000     3750000    0
  407    0     41250534     2426502    0
  408    1     42000000     3500000    0
  409    0     42000000     2800000    0
  410    0     42000000     3000000    0
  411    1     42000000     3000000    0
  412    1     42000000     4000000    0
  413    0     42000000     3000000    0
  414    0     42205000     3670000    0
  415    1     43500000     3000000    0
  416    0     44395000     3415000    1
  417    0     44500000     4450000    0
  418    1     45000000     3000000    0
  419    1     45500000     3500000    0
  420    0     45750000     3000000    0
  421    0     47125000     3250000    0
  422    0     48000000     3000000    1
  423    1     48000000     4000000    0
  424    0     48750000     3250000    0
  425    1     48875000     5750000    0
  426    1     49000000     3500000    1
  427    1     49639500     3677000    0
  428    0     50000000     5000000    0
  429    0     51300000     2850000    0
  430    1     52000000     4000000    0
  431    0     52200000     3600000    0
  432    1     52500000     3750000    0
  433    1     52500000     3750000    0
  434    1     52500000     3500000    0
  435    1     52500000     3500000    0
  436    0     54000000     9000000    0
  437    1     54000000     3000000    1
  438    1     54000000     3000000    0
  439    1     54250000     3500000    1
  440    0     55000000     2500000    0
  441    0     55400000     5540000    0
  442    1     55500000     3000000    0
  443    1     55500000     3700000    1
  444    0     57100000     2855000    0
  445    1     57600000     2880000    0
  446    1     58100000     4150000    0
  447    1     59400000     3300000    0
  448    0     59400000     3600000    1
  449    1     61200000     3600000    0
  450    1     63000000     4500000    1
  451    0     66000000     4400000    1
  452    0     66000000     4000000    0
  453    0     67200000     4800000    0
  454    0     69750000     4500000    0
  455    1     72187500     4125000    1
  456    0     72500000     5000000    0
  457    1     75000000     5000000    0
  458    1     75000000     5000000    0
  459    0     79000000     4000000    0
  460    0     80345500     4343000    0
  461    1     80848420     4042421    1
  462    0     82500000     5500000    0
  463    0     83600000     4400000    0
  464    0     86593750     4075000    0
  465    0     90200000     8200000    0
  466    0     92429000     5437000    0
  467    0     95000000     5000000    0
  468    0    104400000     5800000    0
  469    0    104400000     5800000    0
  470    0    108199996     5620779    0
  471    0    111000000     5550000    0
  472    0    114000000     6000000    0
  473    0    117000000     6000000    0
  474    0    119625000     5500000    0
  475    1    120000000     7500000    0
  476    0    121900000     5300000    0
  477    0    128000000     6400000    0
  478    0    129800000     5900000    0
  479    0    143242125    11018625    1
  480    0    159500000     7250000    0
  481    0    165000000    11000000    0
  482    0    234600000     9200000    0
