   28.0      1      1      1
   32.0      1      1      2
   31.0      1      1      3
   26.0      1      2      1
   24.0      1      2      2
   27.0      1      2      3
   27.0      1      3      1
   29.0      1      3      2
   30.0      1      3      3
   24.0      2      1      1
   26.0      2      1      2
   23.0      2      1      3
   22.0      2      2      1
   19.0      2      2      2
   18.0      2      2      3
   20.0      2      3      1
   21.0      2      3      2
   22.0      2      3      3
   18.0      3      1      1
   21.0      3      1      2
   20.0      3      1      3
   13.0      3      2      1
   16.0      3      2      2
   15.0      3      2      3
   17.0      3      3      1
   19.0      3      3      2
   19.0      3      3      3
