   1 1  1 1 1 1   0.81
   2 1  1 1 2 1   0.80
   3 1  1 1 3 1   0.82
   4 1  1 1 4 1   0.50
   5 1  2 1 1 1   0.77
   6 1  2 1 2 1   0.78
   7 1  2 1 3 1   0.79
   8 1  2 1 4 1   0.51
   9 1  3 1 1 1   0.80
  10 1  3 1 2 1   0.82
  11 1  3 1 3 1   0.83
  12 1  3 1 4 1   0.52
  13 1  4 1 1 1   0.95
  14 1  4 1 2 1   0.95
  15 1  4 1 3 1   0.91
  16 1  4 1 4 1   0.60
  17 1  5 2 1 1   1.03
  18 1  5 2 2 1   1.13
  19 1  5 2 3 1   1.04
  20 1  5 2 4 1   0.82
  21 1  6 2 1 1   0.96
  22 1  6 2 2 1   0.93
  23 1  6 2 3 1   1.02
  24 1  6 2 4 1   0.63
  25 1  7 2 1 1   0.98
  26 1  7 2 2 1   1.00
  27 1  7 2 3 1   0.98
  28 1  7 2 4 1   0.74
  29 1  8 2 1 1   1.17
  30 1  8 2 2 1   1.20
  31 1  8 2 3 1   1.18
  32 1  8 2 4 1   0.91
  33 1  9 3 1 1   1.20
  34 1  9 3 2 1   1.24
  35 1  9 3 3 1   1.27
  36 1  9 3 4 1   0.96
  37 1 10 3 1 1   1.25
  38 1 10 3 2 1   1.23
  39 1 10 3 3 1   1.30
  40 1 10 3 4 1   1.01
  41 1 11 3 1 1   1.23
  42 1 11 3 2 1   1.20
  43 1 11 3 3 1   1.18
  44 1 11 3 4 1   0.95
  45 1 12 3 1 1   1.31
  46 1 12 3 2 1   1.42
  47 1 12 3 3 1   1.41
  48 1 12 3 4 1   1.08
  49 1  1 1 1 2   0.84
  50 1  1 1 2 2   0.85
  51 1  1 1 3 2   0.88
  52 1  1 1 4 2   0.58
  53 1  2 1 1 2   0.72
  54 1  2 1 2 2   0.73
  55 1  2 1 3 2   0.74
  56 1  2 1 4 2   0.42
  57 1  3 1 1 2   0.73
  58 1  3 1 2 2   0.76
  59 1  3 1 3 2   0.75
  60 1  3 1 4 2   0.48
  61 1  4 1 1 2   0.89
  62 1  4 1 2 2   0.90
  63 1  4 1 3 2   0.97
  64 1  4 1 4 2   0.67
  65 1  5 2 1 2   1.11
  66 1  5 2 2 2   1.02
  67 1  5 2 3 2   1.12
  68 1  5 2 4 2   0.75
  69 1  6 2 1 2   1.01
  70 1  6 2 2 2   1.05
  71 1  6 2 3 2   0.95
  72 1  6 2 4 2   0.72
  73 1  7 2 1 2   1.05
  74 1  7 2 2 2   1.07
  75 1  7 2 3 2   1.05
  76 1  7 2 4 2   0.79
  77 1  8 2 1 2   1.12
  78 1  8 2 2 2   1.13
  79 1  8 2 3 2   1.11
  80 1  8 2 4 2   0.83
  81 1  9 3 1 2   1.28
  82 1  9 3 2 2   1.17
  83 1  9 3 3 2   1.21
  84 1  9 3 4 2   0.91
  85 1 10 3 1 2   1.21
  86 1 10 3 2 2   1.31
  87 1 10 3 3 2   1.22
  88 1 10 3 4 2   0.93
  89 1 11 3 1 2   1.16
  90 1 11 3 2 2   1.15
  91 1 11 3 3 2   1.23
  92 1 11 3 4 2   1.02
  93 1 12 3 1 2   1.40
  94 1 12 3 2 2   1.33
  95 1 12 3 3 2   1.35
  96 1 12 3 4 2   1.20
  97 2 13 1 1 1   2.18
  98 2 13 1 2 1   2.44
  99 2 13 1 3 1   1.92
 100 2 13 1 4 1   0.92
 101 2 14 1 1 1   2.02
 102 2 14 1 2 1   2.20
 103 2 14 1 3 1   1.75
 104 2 14 1 4 1   0.82
 105 2 15 1 1 1   2.06
 106 2 15 1 2 1   2.28
 107 2 15 1 3 1   1.86
 108 2 15 1 4 1   0.80
 109 2 16 1 1 1   2.28
 110 2 16 1 2 1   2.46
 111 2 16 1 3 1   1.90
 112 2 16 1 4 1   0.90
 113 2 17 2 1 1   2.62
 114 2 17 2 2 1   2.58
 115 2 17 2 3 1   2.21
 116 2 17 2 4 1   1.03
 117 2 18 2 1 1   2.60
 118 2 18 2 2 1   2.60
 119 2 18 2 3 1   2.34
 120 2 18 2 4 1   1.14
 121 2 19 2 1 1   2.39
 122 2 19 2 2 1   2.41
 123 2 19 2 3 1   2.09
 124 2 19 2 4 1   0.90
 125 2 20 2 1 1   2.70
 126 2 20 2 2 1   2.64
 127 2 20 2 3 1   2.23
 128 2 20 2 4 1   1.02
 129 2 21 3 1 1   2.98
 130 2 21 3 2 1   2.64
 131 2 21 3 3 1   2.34
 132 2 21 3 4 1   1.28
 133 2 22 3 1 1   3.10
 134 2 22 3 2 1   2.85
 135 2 22 3 3 1   2.40
 136 2 22 3 4 1   1.35
 137 2 23 3 1 1   2.80
 138 2 23 3 2 1   2.48
 139 2 23 3 3 1   2.16
 140 2 23 3 4 1   1.01
 141 2 24 3 1 1   3.21
 142 2 24 3 2 1   2.92
 143 2 24 3 3 1   2.56
 144 2 24 3 4 1   1.40
 145 2 13 1 1 2   2.26
 146 2 13 1 2 2   2.40
 147 2 13 1 3 2   1.99
 148 2 13 1 4 2   0.99
 149 2 14 1 1 2   1.96
 150 2 14 1 2 2   2.18
 151 2 14 1 3 2   1.81
 152 2 14 1 4 2   0.78
 153 2 15 1 1 2   2.10
 154 2 15 1 2 2   2.24
 155 2 15 1 3 2   1.92
 156 2 15 1 4 2   0.88
 157 2 16 1 1 2   2.35
 158 2 16 1 2 2   2.49
 159 2 16 1 3 2   1.95
 160 2 16 1 4 2   0.96
 161 2 17 2 1 2   2.68
 162 2 17 2 2 2   2.64
 163 2 17 2 3 2   2.17
 164 2 17 2 4 2   0.96
 165 2 18 2 1 2   2.66
 166 2 18 2 2 2   2.62
 167 2 18 2 3 2   2.28
 168 2 18 2 4 2   1.23
 169 2 19 2 1 2   2.43
 170 2 19 2 2 2   2.48
 171 2 19 2 3 2   2.16
 172 2 19 2 4 2   0.84
 173 2 20 2 1 2   2.66
 174 2 20 2 2 2   2.70
 175 2 20 2 3 2   2.27
 176 2 20 2 4 2   0.98
 177 2 21 3 1 2   2.94
 178 2 21 3 2 2   2.70
 179 2 21 3 3 2   2.44
 180 2 21 3 4 2   1.33
 181 2 22 3 1 2   3.20
 182 2 22 3 2 2   2.91
 183 2 22 3 3 2   2.45
 184 2 22 3 4 2   1.39
 185 2 23 3 1 2   2.84
 186 2 23 3 2 2   2.53
 187 2 23 3 3 2   2.23
 188 2 23 3 4 2   1.07
 189 2 24 3 1 2   3.31
 190 2 24 3 2 2   2.98
 191 2 24 3 3 2   2.47
 192 2 24 3 4 2   1.51
