   1     121   0.0750    64    0    3536     615   2.22    1999     1
   2     227   0.0750    64    0    3042     813   0.28    1999     2
   3     446   0.0750    65    0    2456     704   0.79    1999     3
   4     731   0.0750    65    0    2198    1094   0.79    1999     4
   5    1017   0.0750    65    0    1835     825   3.42    1999     5
   6    1473   0.0750    68    0    2027    1140   2.14    1999     6
   7     933   0.0800    69    0    2360    1023   2.33    1999     7
   8    2004   0.0800    68    0    2270    1168   0.02    1999     8
   9    3224   0.0825    70    3    3106    2388   0.42    1999     9
  10    1176   0.0825    68    0    3942    1024   0.19    1999    10
  11    1375   0.0825    68    0    4094     963   2.89    1999    11
  12    1206   0.0850    70    0    4506    2225   1.33    1999    12
  13     123   0.0850    68    0    3487     538   0.53    2000     1
  14       0   0.0875    64    0    3072     650   0.91    2000     2
  15     863   0.0875    64    2    2422     574   0.61    2000     3
  16     412   0.0900    60    0    2711    1014   1.59    2000     4
  17     851   0.0900    61    0    2109     871   1.42    2000     5
  18    5105   0.0950    64    5    2089    1078   0.30    2000     6
  19     387   0.0950    61    0    6116     961   0.48    2000     7
  20    1270   0.0950    63    0    5542     991   1.29    2000     8
  21     298   0.0950    62    0    5821    1764   0.19    2000     9
  22    2092   0.0950    62    0    4355     949   0.47    2000    10
  23      -5   0.0950    63    0    5498     879   2.56    2000    11
  24    3688   0.0950    62    5    4614    1160   0.09    2000    12
  25       8   0.0950    61    0    7142     574   2.25    2001     1
  26      12   0.0850    59    0    6576     603   2.12    2001     2
  27      34   0.0850    61    0    5985     742   0.33    2001     3
  28       0   0.0750    65    0    3069     618   0.11    2001     5
  29      66   0.0700    68    0    2451     735   2.70    2001     6
  30     703   0.0675    70    0    1782     735   2.33    2001     7
  31     729   0.0675    69    0    1750     734   0.03    2001     8
  32    1013   0.0650    70    0    1745     735   0.61    2001     9
  33    1333   0.0600    71    0    2023     973   1.43    2001    10
  34     215   0.0550    72    0    2383     789   1.66    2001    11
  35     425   0.0500    69    0    1809     832   0.86    2001    12
  36     833   0.0475    70    0    1402     718   1.00    2002     1
  37     854   0.0475    67    0    1517     730   0.94    2002     2
  38     498   0.0475    63    0    1641     667   3.21    2002     3
  39     598   0.0475    65    0    1472     919   0.54    2002     4
  40     961   0.0475    66    1    1151     695   2.22    2002     5
  41     754   0.0475    64    0    1417     927   0.81    2002     6
  42    1098   0.0475    65    0    1244     877   0.28    2002     7
  43    1158   0.0475    65    0    1465     809   0.50    2002     8
