    1     179.1    63    0     2    1     4    0     3    300
    2     319.0    59    0     2    0     6    0     0    120
    3    9310.7    62    0    17    0     2    0     5    353
    4     280.9    60    1     9    0     7    0     2    332
    5   18727.1    55    0     5    2     7    0     0     18
    6     453.4    66    0     1    0     3    0     4    296
    7     323.1    64    1     2    0     3    0     1    247
    8    3873.6    45    1     3    0     5    0     1     82
    9    3243.8    68    0     6    2     5    0     4    334
   10     225.6    64    1     3    0     2    0     0     85
   11    2169.2    64    1     5    0     0    0     0     55
   12     599.9    50    0     0    0     7    1     0     26
   13    2224.6    55    0     6    2     2    0     0     86
   14      11.2    53    0     0    1     1    0     0      0
   15     689.7    55    0     2    0     0    1     0      1
   16     309.4    67    1     3    0     3    0     3    148
   17     304.1    62    0     0    0     4    0     2    282
   18     200.4    63    0     0    0     3    0     6    340
   19     978.9    67    0     5    0     2    0    13    285
   20     330.2    60    0     1    0     1    0    10    318
   21     642.2    64    0     4    0     1    0     9    347
   22     760.0    52    1     1    0     4    0     0    295
   23    1247.0    41    0     4    0     0    0     0     40
   24     226.6    64    0     1    0     1    0     0      0
   25   21505.2    64    1     8    1     7    0     3    227
   26   12481.1    69    0    15    1     8    0     0    315
   27     369.6    48    0     2    0     1    0     0     13
   28    3110.8    55    1     6    2     6    0     6     89
   29    3613.1    57    0     8    0     3    0    21    293
   30     977.0    68    1     5    0     3    0     5    256
   31     326.0    68    0     2    0     1    0     1    111
   32     252.3    60    0     2    0     2    0     6     60
   33    3902.8    41    0     3    0     3    0     3     82
   34     116.9    49    0     2    0     1    0     0      0
   35      38.4    66    1     0    1     5    0     0      0
   36     978.8    40    0     5    0     0    0     3    229
   37    6345.0    61    0    14    0     3    0     5    335
   38    1182.0    65    1     5    0     4    0    15    344
   39    4869.1    52    0     3    0     5    0     0    307
   40      73.6    63    0     0    0     1    0     0    174
   41     214.4    55    1     0    0     3    0     0    236
   42     635.7    60    0     2    0     1    0     8    262
   43      91.6    62    1     2    1     3    0     1    204
   44     160.9    69    0     0    0     2    0     4    272
   45    7388.9    68    0    47    7    11    0     1    146
   46      81.6    48    0     3    2     3    0     0    209
   47    3427.6    60    0    12    2     1    0     0     79
   48    7215.5    64    0     3    0     5    0    19    333
   49    1466.0    60    0     6    1     2    0     0      0
   50      29.2    59    0     1    0     2    0     0      0
   51     113.4    66    1     2    0     3    0     0    161
   52    8179.7    60    0    12    0     5    0     1     17
   53    1518.2    53    0     5    0     2    0    10    252
   54     221.4    66    0     5    0     2    0     0    113
   55    1433.6    46    0     3    2     4    0     0     63
   56      36.8    63    0     0    0     2    0     0      0
   57    1794.0    60    0     3    0     2    0     7    338
   58    5364.0    47    1     9    0     4    0    10    326
   59     602.2    56    1     4    0     1    0     0     28
   60      80.4    54    0     0    0     1    0     2      4
   61    1083.9    59    0     8    0     3    0    23    345
   62    2012.2    59    0    14    2     4    0    10    277
   63     122.8    53    1     9    0     1    0     0    208
   64     311.8    69    0     0    1     6    0     0     44
   65     444.2    54    0     6    0     6    0     0     68
   66    1687.3    56    0    12    0     7    0     1     93
   67   45447.7    51    0    32    0     4    0    11    246
   68     155.0    67    0     6    0     1    0     2     92
   69      19.8    46    1     0    0     2    0     1      0
   70      38.4    62    0     0    0     3    0     0      0
   71    8019.1    60    0     2    0     4    0     0     24
   72     630.0    60    0     1    0     2    0     8    214
   73    2782.3    56    0    10    3     5    1     2    154
   74     521.9    54    0     0    0     2    0     5    245
   75     342.0    57    0     1    0     2    0     2    116
   76     354.2    59    0     3    0     5    0     1     44
   77     215.1    62    0     1    0     2    0     3    125
   78    1862.9    55    0     6    0     5    0     1    189
   79    7078.4    53    1    14    6     9    3     1    226
   80    3638.6    55    1     6    1     8    1     2    304
   81     754.9    68    0     3    0     2    0     8    292
   82     209.5    57    0     2    0     1    0     0    216
   83    7242.2    62    1     5    0     5    0     0     86
   84     318.5    66    0    11    4     5    0     0    141
   85    1041.6    61    0     6    0     2    0     0     52
   86      65.9    64    1     0    0     2    0     0     57
   87     353.7    61    0     3    0     3    0    10    290
   88    2414.3    52    1     9    0     4    0     0    133
   89     117.5    60    0     2    0     2    0     3    147
   90     120.0    68    1     1    0     2    0     0      0
   91    1170.8    55    1     2    0     2    0    16    351
   92    3540.3    55    0     8    1     3    0     0    136
   93    1762.7    40    0    10    0     2    0     0     28
   94     563.4    55    0     4    0     1    0     7    342
   95      96.2    64    0     2    0     2    0     0      7
   96       0.0    55    1     0    0     5    0     0      0
   97    1630.5    61    1     5    0     3    0    13    248
   98     262.2    65    0     1    0     1    0     4    315
   99      36.0    51    0     0    0     1    0     0      0
  100      28.6    60    1     2    0     4    0     0    229
  101     226.2    54    0     2    0     2    0     0     82
  102     170.9    56    0     5    4    10    0     2    329
  103    1619.4    55    1     6    0     2    0     1     26
  104     161.2    61    0     1    0     1    0     1    188
  105     387.8    60    1     3    1     2    0     1    344
  106      16.0    56    0     0    0     2    0     0     70
  107   41803.2    52    0    14    0     6    1     5    352
  108     547.4    48    0     3    2     6    0     7    235
  109    5404.2    50    0     6    1     3    0     2     33
  110      26.4    53    0     2    3     6    0     0      1
  111      15.4    60    0     0    0     2    0     1      0
  112      85.6    59    0     1    0     2    0     0      0
  113     728.2    67    1     1    0     7    0     2    199
  114    1447.8    57    0     6    0     2    0     5    276
  115     203.4    57    1     2    1     1    0     4     93
  116   18780.2    60    0    10    0    12    0     9    316
  117     132.8    54    0     2    0     2    0     0     35
  118     137.3    47    0     1    0     0    0     6    124
  119    4547.9    51    0     7    0     0    0    11    281
  120     358.2    59    0     2    0     0    0     7    320
  121     402.2    43    0     6    0     1    0     0      0
  122     584.1    56    0     0    0     5    0     8    262
  123      80.0    60    0     1    0     4    0     0      0
  124    1192.7    57    0     5    0     0    0     4     77
  125    6854.9    61    0    17    0     6    0    16    283
  126     132.7    56    0     3    5     7    0     3    279
  127      22.4    63    0     0    0     2    0     1    180
  128      83.6    66    1     0    0     1    0     0    169
  129     112.7    66    0     2    0     1    0     0      0
  130     257.7    53    0     2    0     2    0     2    196
  131    1714.8    54    0     5    0     0    0    16    237
  132    3535.2    56    0     3    3     9    0     0    100
  133      88.6    66    0     4    0     5    0     0    289
  134    3162.8    57    0     7    0     0    0    14    327
  135     256.5    67    0     4    0     0    0     0     13
  136      50.0    61    1     0    0     3    0     0     95
  137    3484.9    62    0    11    0     5    1     1     21
  138      28.8    51    0     1    0     2    0     0      0
  139      10.9    61    0     1    0     2    0     2    207
  140      19.2    59    1     2    0     2    0     0      1
  141     991.7    45    0     0    0     2    0     2    150
  142    2373.9    57    0     4    1     5    0     6    153
  143     789.2    66    0     4    0     2    0     4    342
  144     274.3    57    1     0    0     1    0    14    191
  145    5221.6    60    0     4    0     5    0     2    224
  146     171.4    63    0     0    0     1    0     7    245
  147   44840.0    63    0    11    6    10    0     0    234
  148      68.0    69    0     0    0     4    0     0      0
  149     881.4    60    0     3    0     2    0     6    313
  150    1625.2    61    0     2    0     2    0     3     91
  151     510.2    54    0     5    0     1    0     0     99
  152     304.8    56    0     2    0     2    0     1     23
  153     621.6    68    0     3    0     2    0    20    354
  154     318.2    57    0     4    0     4    0     3    281
  155     317.6    64    0     2    0     2    0     2    200
  156     980.4    63    0     6    0     4    0    12    321
  157     217.6    54    0     2    0     4    0     0      4
  158     408.8    65    0     2    0     4    0     0    141
  159     159.3    58    1     2    0     4    0     2    100
  160      62.4    63    0     1    0     3    0     0      0
  161     914.5    66    0     8    0     5    0    11    293
  162      69.2    62    0     0    0     2    0     1    315
  163     345.6    52    0     3    2     7    0     0     60
  164   11287.7    68    0     6    0     3    0    21    295
  165    3372.7    65    0     5    0     3    0     1     23
  166     597.4    58    0     5    0     3    0     2    218
  167     454.5    56    1     1    0     0    0    10    283
  168      60.9    57    0     0    0     4    0     3     28
  169     285.0    67    0     0    0     2    0     4    282
  170     198.4    60    0     3    0     3    0     0     28
  171     100.8    49    0     2    0     0    0     0      0
  172     546.9    58    0     1    0     2    0     6    300
  173     120.2    65    0     1    0     4    0     0    322
  174     377.5    66    0     1    0     2    0     3    316
  175    5409.3    64    1    13    0     1    0     2    146
  176     125.1    66    1     1    0     6    0     0      0
  177       7.5    62    0     1    0     3    0     0      0
  178     118.5    51    0     2    0     4    0     1      0
  179    1387.1    58    0     5    0     0    0     1     99
  180    2725.4    51    0     4    3     4    0     0    200
  181    5854.9    56    0     9    1     1    0     3    179
  182      36.9    46    0     0    0     3    0     0      0
  183    2916.8    66    0     6    1     3    0    60    347
  184     208.0    51    0     0    0     3    0     0      2
  185    8714.2    63    0     5    1     5    0     3    155
  186    1188.1    60    1     7    0     7    0     4    342
  187      67.1    66    0     1    2     3    0     0      0
  188     503.3    64    0     1    0     2    0    10    328
  189    1474.4    64    0     4    0     4    0    10    237
  190      38.4    61    0     0    0     1    0     0      0
  191   30019.2    44    0    30    0     4    1     1    350
  192     138.3    54    0     1    3     5    0     0    214
  193    5074.3    65    0     4    0     4    0    11    287
  194      99.7    58    0     2    0     3    0     0      0
  195    1459.4    47    0     5    0     4    0     5    357
  196     100.8    67    1     3    3     6    0     0     78
  197     118.4    61    1     0    1     4    0     0      0
  198     506.6    65    0     4    0     1    0    11    178
  199   21265.7    58    0    17    1     8    1     3    188
  200   10769.1    58    0     8    0     0    0     0    246
  201    1223.1    61    0     4    0     0    0     8     86
  202     244.8    57    0     2    0     3    0     0      5
  203     146.0    58    0     3    2     2    0     0      5
  204    1336.5    61    0     6    0     7    0    13    311
  205    2058.2    54    0     1    0     6    1     6    178
  206      45.6    55    0     2    0     4    0     0     39
  207    3769.9    64    0     7    0     5    0     4     76
  208     308.4    63    1     3    0     4    0     3     81
  209     168.1    63    0     0    0     2    0     2    215
  210   17337.3    61    0    19    2     8    0     0    224
  211    5984.0    68    0     7    5     7    0     0    132
  212    1705.6    64    0     5    0     2    0     0    225
  213     740.1    57    0     7    0     3    0    13    291
  214     483.8    54    1     4    0     5    0     1    282
  215   15306.1    51    0    15    0     6    0    13    341
  216      51.2    67    0     0    0     3    0     0      0
  217     256.3    65    0     5    0     3    0     2    284
  218   11834.8    65    0     8    0     4    0     5     42
  219    4964.7    65    0    11    0     2    0    25    350
  220    1004.1    62    1     0    0     4    0    28    336
  221     315.8    59    0     1    0     2    0     1    202
  222      44.6    50    0     0    0     4    0     0    107
  223    2486.6    55    0     3    0     4    0     2      3
  224    4240.1    57    0    14    0     4    0     4    359
  225    1854.4    64    0     5    3     7    0     0    155
  226     347.1    68    0     1    0     2    0     2    261
  227     500.7    58    0     3    0     1    1     0     16
  228     204.0    49    0     1    0     4    0     1    126
  229     105.7    60    1     3    3     7    0     0     85
  230    2638.9    63    0    17    0     6    0     3    354
  231   14985.6    59    1    16    0     4    0     6    255
  232      10.6    52    0     2    0     2    0     0     91
  233      58.9    63    0     0    1     3    0     3     59
  234     153.8    62    0     3    0     3    0     0    135
  235    2253.8    48    0     6    0     3    0     2    116
  236     222.2    56    0     4    0     1    0     1    177
  237     356.8    62    0     4    0     2    0     0     20
  238     724.4    65    0     3    1     2    0     3    120
  239     998.0    52    0     4    0     2    1     0     97
  240     492.7    60    0     2    0     2    0     2    113
  241    1087.4    58    0     3    0     3    0     4    214
  242    3464.2    53    1     9    3    11    0     6    347
  243    1229.1    62    0     3    0     3    0     6    253
  244     557.2    56    0     1    0     3    0     4    312
  245    6539.4    55    1    13    0     5    0     8    142
  246       8.0    61    0     2    4     5    0     0    258
  247    1222.5    63    0     1    0     1    0     7    294
  248    2182.3    49    0    10    0     8    0    20    188
  249      14.4    64    0     1    0     6    0     0      0
  250      35.4    59    0     0    1     3    0     1     20
  251    1962.9    58    0     7    0     4    0    18    248
  252     530.1    52    0     6    0     4    0     4     44
  253     929.0    62    0     3    0     5    0     0     77
  254     299.0    57    1    11    0     1    0     0     22
  255     647.6    45    0     3    0     2    0    13    328
  256    3171.4    60    0     1    1     6    0     0      4
  257    1225.7    67    0    12    0     2    0     1    304
  258    1297.1    55    0     1    0     3    0    21    220
  259    1570.2    53    0    10    0     6    0     9    275
  260      48.3    43    0     1    0     2    0     0    148
  261     632.6    63    0     4    0     2    0     0     20
  262     448.3    64    0     6    0     1    0     1    307
  263     162.6    59    0     0    0     8    0     2    252
  264   14397.6    66    0    10    0     5    0    23    351
  265    1478.2    57    0     5    0     6    0     4    328
  266   18183.0    53    0    11    0     2    0     0    131
  267      38.4    56    0     0    0     2    0     0      0
  268     556.4    67    0     6    0     0    0     0     86
  269     601.4    54    0     0    0     1    0    12    325
  270    6081.3    65    0     6    0     5    0    11    341
  271     480.0    63    1     5    2     9    0     0      0
  272    1046.1    64    1     8    1     2    0     0     60
  273    2145.9    61    1     4    0     1    0     9    303
  274    2814.9    60    0     4    0     1    0     0      2
  275   28895.8    53    0    17    0     6    0    10    152
  276   44162.8    54    1    28    0     7    1    23    329
  277     188.0    67    0     1    2     6    0     0      9
  278   18373.3    61    0     9    0     4    0     4    345
  279     251.0    57    0     4    0     1    0     0      7
  280     112.8    54    1     1    0     0    0     0     98
  281   12595.9    67    0    16    4     9    0    12    304
  282     274.7    63    0     0    0     0    0     3    332
  283   40511.8    53    0    31    0     9    0     2     95
  284     230.6    47    1     2    0     7    0     0     13
  285     389.9    64    0     1    0     3    0     8    356
  286     204.8    59    1     4    1     3    0     0    294
  287     826.7    48    1     6    3     2    0     2    180
  288    1682.8    67    0     4    0     3    0     0      0
  289     423.2    70    1     4    1     8    0     0     21
  290       8.6    67    0     1    0     4    0     0     22
  291     784.9    59    1     3    0     0    0     4    285
  292      36.8    63    0     0    0     1    0     0      0
  293     206.2    53    1     3    2     2    0     0     70
  294     185.6    67    0     1    0     2    0     0    115
  295      53.6    66    0     0    0     1    0     0      0
  296    1174.1    51    0    12    0     1    0     2     37
  297     947.4    59    1     2    0     4    0     0    337
  298     585.5    69    1     3    1     6    0     1    136
  299    3580.5    50    0    12    4     8    0     0    213
  300     636.2    62    1     6    0     6    0     0     11
  301     311.9    46    1     1    0     3    0     0     29
  302      12.0    59    0     1    1     5    0     0      6
  303     145.4    65    0     0    0     3    0     2    324
  304     468.2    67    0     7    0     5    1     0    142
  305      27.2    42    1     1    0     6    0     0      0
  306     449.4    55    0     2    0     4    0     7    338
  307   10491.1    62    0     6    0     5    0     4    297
  308     323.9    66    0     3    0     4    0     0     64
  309      36.8    62    0     0    0     0    0     0      0
  310    1009.4    59    0     7    0     6    0     5    200
  311     147.0    58    0     5    0     2    0     0    282
  312   11706.9    64    0     8    5    17    0     3    307
  313    1398.4    60    1     6    2     6    0     4    294
  314     204.8    65    0     5    0     1    0     0     14
  315     833.6    69    0     8    1     4    0     0    232
  316       1.6    65    1     1    0     5    0     0      0
  317     288.7    56    0     3    0     2    0     0      0
  318     558.4    55    0     6    2    10    0     0     19
  319    9987.1    60    0     3    0     3    0     3     53
  320    9745.8    59    1     5    0     3    0     3    289
  321    1524.0    59    1     5    0     2    0     3    192
  322    1022.6    49    0     1    0     0    0     7     85
  323     874.4    52    0     5    0     2    0     0     52
  324    1556.2    58    0    11    0     1    0     1     26
  325     193.9    66    0     2    1     3    0     6    231
  326      56.0    62    1     1    0     4    0     1    122
  327    5464.8    58    0     3    1     4    1    19    198
  328    4537.1    68    0     7    2     6    0     2    336
  329     583.3    65    0     0    0     1    0     7    263
  330    3486.9    58    0     9    0     6    1     2    253
  331     889.5    53    1    10    1     1    0     0    225
  332   40959.1    57    0    16    0     7    0    16    285
  333    8883.2    47    1    16    1     7    0     9    309
  334      16.8    60    0     3    1    10    0     0    258
  335    1132.2    56    0     6    3     4    0     5    134
  336     162.7    63    0     1    0     1    0     1    105
  337     103.6    64    0     1    0     1    0     3    175
  338     303.2    63    0     3    0     1    0     2    349
  339     158.3    62    0     0    0     1    0     6     66
  340     232.1    51    0     1    0     3    0     3    209
  341     528.6    61    0     8    0     2    0     0    129
  342    3539.8    69    0     4    0     4    0     9    326
  343     161.5    65    0     0    2     5    0     1    166
  344   18183.0    57    0    19    2    12    0     4    346
  345      76.8    42    1     0    0     4    0     0     98
  346      50.4    39    1     0    0     0    0     0      0
  347    2771.3    67    1     3    0     2    1     2    317
  348     283.0    65    0     7    2     4    0     0     54
  349   19389.9    60    0    13    3     6    0     0     22
  350     354.4    56    0     1    0     1    0     4    284
  351   11839.8    61    0     5    1     4    0     0     62
  352     628.4    68    0     1    0     1    0    10    149
  353      61.4    59    0     2    0     4    0     0    183
  354      38.4    67    0     0    0     1    0     0      0
  355    1195.2    67    0    10    0     3    0     0    203
  356     193.6    50    1     1    0     4    0     0      0
  357    2069.5    66    0     6    0     3    0    30    352
  358    3039.7    55    0    10    0     3    0     3    128
  359     256.3    40    0     4    0     1    0     0      3
  360    1879.7    67    1     6    0     1    0    19    174
  361     859.6    65    1     4    0     3    0     1     97
  362     245.6    57    0     2    1     2    0     5     47
  363      70.0    57    0     2    0     1    0     0    263
  364    1082.4    62    0     5    0     2    0     0     41
  365     442.4    42    1     2    0     1    0     0    204
  366     664.5    65    0     1    0     4    0     0     25
  367       5.6    57    0     1    0     5    0     0     30
  368      90.4    65    0     2    1     5    0     0      0
  369      56.4    52    0     2    0     5    0     0    238
  370       0.0    65    1     1    1     4    0     0      0
  371     610.5    57    0     5    0     0    0     0    231
  372     335.2    61    0     2    0     3    0     4    294
  373      44.0    56    1     0    0     1    0     0      0
  374     380.8    52    1     4    1     3    0     7    317
  375   11845.9    55    0    23    0     5    1    11    329
  376     925.0    54    0     4    0     1    0     0      3
  377     271.9    59    0     3    0     3    0     0      9
  378     114.7    52    1     0    0     4    0     1    312
  379      40.1    57    1     0    0     1    0     1      0
  380     393.3    54    0     2    0     1    0     2      8
  381   23046.0    44    0     7    0     4    0     4    119
  382    2911.9    62    0    11    3     4    0     8    319
  383      64.8    59    0     1    0     3    0     0      0
  384     122.1    52    0     0    0     4    0     2     34
  385    1467.2    42    1     6    0     2    0     1    271
  386     224.6    65    0     0    0     1    0     9    121
  387      20.6    65    1     0    0     5    0     0      8
  388     294.3    61    0     2    0     2    0     0    236
  389     210.3    55    0     3    0     3    0     1    125
  390     758.4    56    0     3    0     2    0     0    106
  391     712.0    61    0     3    0     1    0     0      0
  392      75.7    43    0     0    0     2    0     0      0
  393      28.8    30    0     1    2     0    0     0      0
  394    3585.9    52    0    14    1     3    0     4    187
  395      65.5    66    0     1    0     1    0     0      0
  396    1467.4    57    0     7    0     1    0     2    342
  397     185.6    57    0     2    0     2    0     0     48
  398    5716.0    61    0    16    1     6    0     4    267
  399    1001.5    66    1     4    0     4    0     9    351
  400     354.7    57    1     2    0     3    0     3    159
  401     229.2    54    0     3    0     1    0     2     52
  402       0.0    44    1     1    0     2    0     0      0
  403    2120.0    61    1    10    0     7    0     2    273
  404      21.7    54    0     1    0     1    0     0      7
  405      43.1    56    1     1    0     1    0     0      0
  406     251.1    64    0     0    0     2    0     9    308
  407   17558.0    69    0    20    1     4    0    11    245
  408     342.8    54    0     1    0     2    0     2    277
  409     581.6    53    1     1    1     6    0     2    272
  410   34010.7    65    0    20    1     7    0     0    267
  411      86.5    65    1     2    2     4    0     0    136
  412      36.8    60    0     0    0     1    0     0      0
  413     119.3    57    0     1    0     2    0     1      0
  414   25112.3    43    0    14    0     5    0     0    208
  415     166.2    56    0     0    0     2    0     3    185
  416     558.6    49    0     0    0     2    0    18    310
  417    8761.5    62    0    16    0     5    1     4    174
  418      21.5    48    0     2    0     0    0     0      0
  419     280.8    54    0     1    0     3    0     0    156
  420   30549.1    62    0    19    1     3    0     2    141
  421     899.1    60    1     3    0     3    0     7    346
  422      41.1    56    0     2    0     3    0     0      0
  423    3648.0    61    0     8    1     6    0    12    295
  424    4324.3    58    0     9    0     2    1    14    152
  425    4236.1    65    1     9    0     3    0     0      7
  426     450.1    61    0     1    0     3    0    10    189
  427    1059.2    54    0     8    0     3    0     0      2
  428    7260.5    66    0     6    2     6    0     4    155
  429    7580.1    50    1    16    0     5    1    19    167
  430     110.7    65    0     0    1     4    0     3      6
  431     137.5    64    0     2    0     2    0     2     59
  432      26.0    57    0     0    0     2    0     1      0
  433    3966.4    57    1     0    1     6    0     5    157
  434     772.2    53    0     4    0     2    0     2    293
  435      33.8    53    0     0    0     1    0     0      0
  436      34.7    65    0     2    0    11    0     0     36
  437     605.3    58    0     2    0     1    0     8    348
  438     206.4    67    0     2    0     4    0     0      9
  439     572.8    60    1     2    0     1    0     7    231
  440     127.7    57    0     0    0     1    0     3      0
  441     894.9    65    0     2    0     3    0    22    252
  442    2907.0    58    0     8    3     9    1    16    300
  443     887.8    52    0     8    0     2    0     0    281
  444    5265.9    53    1     3    0     4    1    15    298
  445     206.8    58    1    11    0     1    0     0    141
  446   33409.2    42    0    27    4     9    0     0    209
  447   27885.0    64    0    20    2     9    0    15    229
  448    5596.0    58    0     9    0     4    0     1    225
  449    4378.9    59    0    10    0     0    0     0     30
  450     187.8    60    0     1    0     5    0     3     48
  451     406.5    67    1     1    0     4    0     4    331
  452    3000.3    59    1     6    0     5    0    11    292
  453    1815.0    60    1     5    0     8    0     0    255
  454   19320.6    53    1    18    2     6    0     0    152
  455     196.7    56    0     0    1     3    0     4    115
  456    4815.8    57    0    10    0     1    0     2    324
  457    9342.5    59    0    10    0     8    0     8    261
  458     562.4    59    0     0    0     2    0    10     91
  459     458.8    57    0     2    0     1    0     7    313
  460    4372.4    64    0     5    0     4    1     0    232
  461      36.8    65    0     0    0     1    0     0      0
  462     713.8    46    1     6    0     0    0     1      2
  463    3067.4    58    0     7    1     3    0     1      4
  464    9703.2    61    0    16    0     5    0    13    207
  465     607.3    49    0     2    0     4    0     1     36
  466     203.4    67    1     2    0     1    0    10    316
  467     320.4    52    0     5    1     7    0     4    119
  468    1343.7    61    0     4    2     8    0    21    352
  469     208.8    60    0     0    0     1    0     0    295
  470     603.1    63    0    22    0     5    0     0    104
  471     711.7    54    0     0    0     8    0    10    207
  472     254.0    61    0     9    0     1    0     2    175
  473     154.4    66    0     2    0     1    0     0    216
  474     252.2    59    0     2    0     4    0     6    287
  475     299.8    58    0     2    0     0    0     0    242
  476     338.9    56    0     1    0     1    0     4     89
  477     596.1    33    0     2    0     2    0     0     41
  478     491.1    61    1     4    0     2    0     0    297
  479     197.0    60    1     0    0     3    0     4     97
  480     216.7    51    0     2    0     3    0     8    184
  481    2845.7    59    0     1    0     8    0     0    195
  482   12638.4    54    0    11    1     5    0     5     84
  483     389.0    69    0     3    0     0    0     0     40
  484     192.0    46    1     2    0     1    0     0      2
  485      81.9    65    1     1    0     3    0     0    155
  486      32.3    60    0     1    3     6    0     1     99
  487       6.0    65    0     0    0     1    0     1      0
  488    2011.6    60    0     6    2     8    0    45    315
  489    4169.7    47    0    14    1     5    0    14    180
  490     358.6    65    0     4    0     2    0     1    283
  491     240.6    57    0     1    0     1    0     1     39
  492      44.7    57    0     0    1     3    0     0      0
  493   10886.4    48    1    20    0     3    0    16    138
  494      76.0    67    0     0    0     3    0     0    200
  495      38.3    61    0     2    0     3    0     1    106
  496    2023.2    57    0     8    0     1    0     0    256
  497     621.6    55    0     4    2     5    0     0    138
  498     947.7    51    0     3    0     3    0     2    273
  499     898.4    55    0     3    0     3    0     0    262
  500     120.2    47    0     1    0     2    0     0      0
  501    5528.2    64    0    11    0     1    0     6    161
  502      12.8    59    0     1    0     3    0     0    195
  503    1162.9    59    0     6    0     3    1     6    354
  504     615.4    63    0     6    4     4    0    10    175
  505     171.2    55    0     1    0     1    0     0     93
  506     896.3    50    1     7    2     2    0     0      7
  507    5210.2    54    0     2    0     6    0     0    190
  508      95.1    52    0     2    0     2    0     0      0
  509    4377.0    65    0     6    1     4    0    12    211
  510     254.5    65    0     1    0     2    0     2    288
  511      36.9    64    1     3    7    14    0     0    217
  512      79.2    57    0     0    1    10    0     0      0
  513     410.9    64    0     0    0     3    0     5    230
  514      56.3    46    1     0    0     1    0     1    144
  515     219.9    65    0     2    0     2    0    11    305
  516    5870.8    68    0     7    2     9    1     6    355
  517    1585.8    60    0     6    0     2    0     3    296
  518     115.2    68    0     1    0     2    0     0      0
  519     335.4    63    0     1    0     5    0     2     44
  520     255.8    62    0     2    0     2    0     2    294
  521    2171.4    65    0    13    0     1    0    14    303
  522    1173.1    63    0     6    0     2    0     2    250
  523    1307.1    57    1     5    0     4    0     6    207
  524      28.8    57    0     1    1     5    0     0      0
  525    1769.2    64    1     8    1     9    0     0    308
  526     780.4    68    0     1    0     2    0    12    319
  527     143.8    64    0     3    0     4    0     2    154
  528     381.8    69    0     1    2     2    0     7    335
  529     474.2    53    0     6    1     9    0     5     56
  530      62.4    47    0     2    0     1    0     0      0
  531     596.6    55    0     4    5    10    1     0    105
  532    1507.4    59    1     7    1     5    0     2    132
  533    2150.0    69    0     6    0     3    0     0     29
  534    1458.5    64    1    13    0     4    0     1    233
  535     107.4    64    0     4    0     0    0     0    185
  536     111.7    57    0     0    1     3    0     0      0
  537   25831.2    56    0     9    0     5    0     6    115
  538      22.5    57    0     0    0     1    0     2    288
  539     220.0    66    0     1    0     4    0     4     58
  540   46992.6    51    0    36    1    16    0     1    324
  541     335.5    66    0     4    0     1    0     4    291
  542     270.2    48    0     0    0     2    0    14    311
  543     280.9    60    0     0    0     4    0     2    103
  544     226.0    56    0     2    3     5    0     1    201
  545     676.6    62    0     6    0     2    0     2     44
  546      10.4    62    0     0    0     1    0     0      0
  547     842.3    54    0     0    0     1    0    12    222
  548     216.8    62    0     2    0     2    0     1     12
  549     235.3    61    0     2    1     3    0     6    281
  550     306.7    53    1     5    0     2    0     0      7
  551     528.3    61    0     3    0     2    0     5    164
  552     203.3    65    0     2    0     1    0     1    219
  553     434.9    50    1     0    0     0    0    10    320
  554    2578.4    65    0    12    0     3    0     7    344
  555     120.0    55    0     1    0     4    0     0      0
  556      35.2    66    0     0    0     0    0     0    302
  557    1193.2    68    0    13    0     4    0    12    266
  558     145.1    69    0     0    0     2    0     6    111
  559     310.8    59    0     2    0     3    0     4    347
  560      86.7    55    0     0    0     2    0     0      1
  561      94.7    66    0     2    0     1    0     0    184
  562     470.5    62    0     2    0     1    0     7    244
  563     507.8    70    0     5    0     8    0     3    151
  564      79.9    65    0     4    0     4    0     0     48
  565     408.5    66    0     1    0     2    0    20    335
  566    6894.0    57    0    20    1     6    0     5     66
  567    1625.1    65    1     5    0     4    0     0     70
  568     383.2    59    0     3    0     3    0     1    111
  569     105.6    61    0     3    0     6    0     0    158
  570     542.9    54    0     3    1     2    0     0    164
  571    4851.5    54    0     9    0     2    0     5     82
  572    1231.0    65    0     0    1    10    0     0      0
  573   16452.9    63    1    20    0     3    0     9    183
  574      17.0    67    0     4    0     2    0     0     10
  575     666.6    69    0     0    0     1    0    18    299
  576    1886.3    66    1     7    0     2    0     4    331
  577     906.8    51    1     3    0     4    0     0      6
  578    4409.5    54    1    10    1     7    0    27    338
  579     648.6    58    0     3    2     3    0     2    354
  580    4299.2    62    1    12    3     4    0     1     47
  581      11.8    70    0     1    0     2    0     0      0
  582     153.8    68    0     0    0     3    0     3    202
  583    2188.3    60    0    16    1     3    0     4    179
  584     347.8    59    0     3    0     3    0     0    235
  585     596.7    55    0     1    0     1    1     4     89
  586      15.5    60    0     0    0     5    0     0      0
  587    1811.0    65    0     2    0     3    0    19    312
  588    2228.4    65    0     7    1     6    0    21    161
  589     729.2    55    1     4    0    11    0     5    341
  590   19902.3    58    0     7    0     6    1     0      5
  591    2250.4    37    0     4    0     3    0     0     28
  592   10536.5    67    0     8    2     2    0     5     35
  593    1121.4    65    1     5    0     3    0     0     19
  594    4740.9    65    1     7    0     7    0    12    249
  595     852.8    62    1     3    6    11    0     0    189
  596    5772.1    63    0    10    1     5    0     0     54
  597      28.8    61    1     1    0     3    0     0      0
  598    6177.5    52    0     7    9    14    1     4    372
  599     308.5    64    0     0    0     1    0     3    294
  600     723.1    64    0     1    0     1    0    22    243
  601     119.2    56    0     1    0     1    0     0      0
  602     944.3    58    1     4    0     0    1     0    270
  603     156.6    51    0     7    2     2    0     0    109
  604   40948.0    62    1    34    0     9    0     9    192
  605     155.2    58    0     2    0     2    0     2    286
  606    2019.2    68    0     8    1     4    0     0    206
  607    1590.2    57    1     4    0     1    0    17    296
  608    1354.1    63    0     7    0     5    0     7    186
  609    1867.0    65    0     4    0     4    1     1     66
  610    9711.6    63    0    18    0     7    0     3    239
  611     133.8    54    0     0    0     2    0     6    252
  612     105.3    64    0     4    0     5    0     0    205
  613      16.0    58    0     1    0     3    0     0     28
  614     865.3    43    0     1    0     2    0    15    252
  615    5718.3    57    1    16    0     4    1     4    316
  616      54.4    56    0     1    2     8    0     0     42
  617     275.2    53    0     2    0     3    0     0    273
  618     826.7    40    0     8    0     3    0     0    328
  619   52664.9    65    0    34    5    16    0     7    239
  620     415.2    61    1     3    0     0    0     0    156
  621     450.8    66    0     1    2     5    0     9    258
  622     294.8    65    1     7    0     6    0     1    301
  623    2921.3    61    0     5    4     6    0     1    169
  624   29586.6    65    1    15    3     5    0     1    343
  625     182.1    57    1     1    2     4    0     3    123
  626     350.6    56    0     8    0     5    0     0    309
  627    1557.6    45    0    10    0     0    0     0     30
  628     111.2    51    0     0    0     2    0     1      0
  629    3909.8    67    0    11    0     4    0     1    249
  630     235.6    54    0     0    0     3    0     4    162
  631    2282.8    64    1     0    0     5    0     1    195
  632     106.1    58    0     0    0     1    0     1     90
  633      62.4    59    0     3    0     2    0     0      8
  634     524.1    60    0     4    2     7    1     0     27
  635     498.1    49    0     2    0     0    0     0      2
  636     361.5    66    0     4    2     2    0     0    105
  637    4763.4    52    0    10    0     4    0     1    143
  638     299.6    65    0     2    0     1    0     7    301
  639     958.0    50    0     7    0     1    0     5    237
  640     307.5    34    0     5    0     1    0     0    165
  641     210.4    55    1     3    0     1    0     0     21
  642    8302.9    47    0    25    0     7    0     3    146
  643     557.3    54    1     3    0     2    0     2    217
  644     260.1    64    0     0    1     4    0     0     94
  645      36.8    61    0     0    0     3    0     0      0
  646     212.8    63    0     2    0     4    0     0    108
  647     562.4    67    0     7    0     6    0     0     28
  648     186.4    57    0     6    3    11    0     0    187
  649    1322.2    61    1     7    1     5    1     0    276
  650    4019.0    62    0     4    1     9    1     1    350
  651      42.0    64    0     2    1     5    0     1    180
  652     189.4    58    0     0    0     3    0     5    321
  653     683.9    59    0     3    0     2    0     0     30
  654      67.5    59    0     0    0     2    0     2     89
  655    1817.6    55    0    12    0     1    0     0     42
  656     515.0    61    0     3    0     1    0     0     94
  657      36.8    57    0     0    0     2    0     0      0
  658     701.1    52    0     0    0     1    0    15    340
  659     463.3    62    0     7    0     3    0     2    247
  660     947.7    64    0     4    0     0    0     3    256
  661     969.6    61    0     6    0     4    0     2    116
  662     469.6    63    1     4    0     0    0     0    104
  663   28129.6    67    1    30    0     6    1    12    226
  664    5096.4    66    1    13    2     3    0     5    349
  665    1740.6    65    0     0    0     4    0    21    335
  666    2902.8    58    1     2    1    20    0     0     94
  667      82.3    63    0     2    0     2    0     1    202
  668    1135.0    68    0     4    0     1    0    21    308
  669     897.8    53    0     7    0     1    0     7    230
  670      92.3    51    0     1    0     1    0     4    176
  671    1207.3    67    0     6    0     2    0     9    340
  672     281.8    48    0     2    0     1    0     7    337
  673     535.1    67    1     1    0     3    0     2    150
  674     310.8    58    1     6    1     1    0     0    259
  675     457.0    68    1     2    0     2    0     5    149
  676    8571.5    55    0     6    0     3    0     6    133
  677      67.2    68    0     2    1     4    0     0      1
  678    5674.8    66    0     7    0     9    0     6    313
  679     517.6    68    1     5    2     9    0     0    199
  680      79.3    66    0     1    0     2    0     3    237
  681    8153.4    51    1    11    1     1    1     0      8
  682     273.2    58    0     0    0     3    0     2     99
  683     786.9    52    0     1    0     1    0    10    315
  684   14840.5    60    0     5    0     5    1     0    294
  685     271.6    51    0     1    1     8    0     0      2
  686     172.6    57    0     3    0     1    0     0     91
  687      55.2    56    0     1    2     5    0     0    179
  688     113.9    56    0     2    0     1    0     1    282
  689      66.8    49    0     0    0     2    0     2     91
  690     320.8    60    1     2    0     1    0     6    265
  691    1164.6    54    0     8    1     0    0     1      8
  692    4938.2    69    0     5    1     4    1    14    224
  693    7214.8    59    1    17    0    11    0     0    327
  694    5043.6    51    1    11    2    11    0     3    257
  695     287.1    63    0     4    0     3    0     0     11
  696     277.4    24    0     0    0     3    0     0    111
  697     469.0    61    0     2    0     4    0     2    220
  698    2341.3    57    0     5    0     0    0     9    325
  699      50.2    63    0     1    0     2    0     0    185
  700     201.6    51    1     0    0     3    0     0      0
  701     297.7    52    1     4    0     4    0     0    294
  702      14.4    67    0     1    0     3    0     0      0
  703     280.2    57    0     1    0     0    0     8    167
  704      40.1    59    1     0    0     4    0     1      0
  705      44.4    66    1     0    0     4    0     0      0
  706     944.2    66    0     0    0     2    0     7    233
  707      65.5    68    1     0    0     3    0     1    278
  708    1202.2    68    0     5    0     2    0     0    319
  709     201.0    64    0     1    0     4    0     1    299
  710     276.5    52    0     0    0     1    0     5    341
  711     515.5    46    0     2    0     2    0     9    327
  712     491.5    51    0     0    0     4    0    19    338
  713    3241.1    66    0     8    1     5    0    14    301
  714     368.0    57    0     9    0     6    0     0    245
  715     194.6    64    0     3    0     3    0     5    325
  716     162.4    56    0     2    0     2    0     0      3
  717    3312.5    60    0    10    0     4    0     1    345
  718      41.9    65    0     1    0     1    0     0    276
  719   19769.6    40    0    17    0     1    0     2     64
  720       8.0    56    0     0    0     2    0     0      0
  721      30.4    50    1     1    0     2    0     0     27
  722    3851.1    68    0    12    0     3    0    11    191
  723     240.4    62    0     1    0     1    0     4     45
  724      56.8    64    0     0    0     1    0     0      0
  725    3482.0    57    0     6    1     4    0     3    154
  726    3516.5    68    0     5    0     3    0     2    127
  727     363.5    56    1     2    0     2    0     2     72
  728     424.1    55    0     3    0     4    0     3     50
  729    1080.0    59    0     9    0     3    0     0    140
  730   33867.9    46    0    25    0     3    0     7    288
  731    1387.0    57    1     6    0    11    0     0    152
  732   24765.4    58    0    19    2     5    1     6    263
  733      11.2    55    0     1    0     4    0     0      0
  734      22.8    56    0     1    0     0    0     0      0
  735      33.5    64    1     2    0     1    0     0      7
  736    8617.9    64    0    13    0     3    0     4     68
  737     512.0    56    0     1    0     2    0     8    260
  738     160.8    63    0     1    0     1    0     0      0
  739      78.4    61    0     1    0     1    0     0      0
  740     160.5    51    0     2    1     6    0     5    188
  741     448.9    48    0     1    0     2    0     9    289
  742     295.8    56    1     2    0     7    0     4    152
  743    1784.1    60    0    12    1     1    0     1    117
  744    1395.8    67    1    12    0     3    0    16    339
  745     904.3    62    0     4    0     2    0     1     53
  746     185.8    61    0     3    0     3    0     1    252
  747    4037.1    64    1    13    0     1    0     0    111
  748    2197.8    50    0     6    0     6    1     1    277
  749   24720.3    50    0     8    0     5    0     6    154
  750     312.8    52    0     2    0     1    0     0    117
  751     435.4    61    1     0    0     3    0    19    312
  752      65.6    60    1     1    6    10    0     0    265
  753      22.5    66    0     0    0     4    0     0      2
  754    1682.6    64    0     2    0     2    0    13    354
  755   25867.0    65    0    14    1     8    0     1    261
  756      37.9    68    0     1    0     2    0     2     62
  757      48.8    62    0     0    0     2    0     0      0
  758     980.9    60    0     0    0     2    0    33    348
  759       8.0    64    0     0    0     3    0     0      0
  760     704.6    66    0     3    0     3    0    14    250
  761     225.0    69    0     1    0     1    0     4     78
  762    9933.4    48    0    11    0     2    0     6     44
  763     125.6    60    0     1    0     1    0     0    190
  764    1157.6    58    0     5    0     2    0     0    102
  765      25.6    65    1     0    0     3    0     0    238
  766    2039.5    61    1     4    0     1    0     4    311
  767      36.8    43    0     1    0     2    0     0      4
  768    3332.7    62    0     9    0     5    0     6    336
  769    2281.7    51    0     5    0     2    0    14    252
  770     603.6    62    0     1    0     1    0     3    305
  771    2011.5    63    0     4    0     5    0    26    241
  772      65.2    63    0     0    0     1    0     0      0
  773     475.8    63    0     1    2     5    0     2    296
  774    1301.0    53    0     6    0     2    0     0    265
  775    8774.9    64    1     8    0     3    0    13    288
  776    3098.0    65    1    12    0     4    0     4    341
  777      20.0    41    1     1    1     6    0     0      0
  778     549.1    56    0    11    0     2    0     1    293
  779    1074.3    60    0     5    0     1    0     0      9
  780     115.3    46    1     2    1     4    0     1     43
  781     103.7    67    1     1    0     0    0     2    185
  782    2088.4    56    0     5    0     1    0    21    351
  783      34.8    51    0     2    0     2    0     0    112
  784    2061.7    62    0     9    0     1    1     0     40
  785    1137.5    67    1     9    0    11    0     3     67
  786    2677.7    68    0     3    2     6    0    10    303
  787    1282.2    58    0     7    2     2    0     7    244
  788     586.0    56    0     4    4     6    0     3    336
