      1     33      1      1      0      1
      2     35      1      1      0      1
      3      6      1      1      0      0
      4     60      1      1      0      1
      5     18      3      1      1      0
      6     26      3      1      0      0
      7      6      3      1      0      0
      8     31      2      1      1      1
      9     26      2      1      1      0
     10     37      2      1      0      0
     11     23      1      1      0      0
     12     23      1      1      0      0
     13     27      1      1      0      1
     14      9      1      1      1      1
     15     37      1      2      1      1
     16     22      1      2      1      1
     17     67      1      2      1      1
     18      8      1      2      0      1
     19      6      1      2      1      1
     20     15      1      2      1      1
     21     21      2      2      1      1
     22     32      2      2      1      1
     23     16      1      2      1      1
     24     11      2      2      0      0
     25     14      3      2      0      0
     26      9      2      2      0      0
     27     18      2      2      0      0
     28      2      3      1      0      0
     29     61      3      1      0      1
     30     20      3      1      0      0
     31     16      3      1      0      0
     32      9      2      1      0      0
     33     35      2      1      0      1
     34      4      1      1      0      1
     35     44      3      2      0      0
     36     11      3      2      1      0
     37      3      2      2      0      1
     38      6      3      2      0      0
     39     17      2      2      1      0
     40      1      3      2      0      1
     41     53      2      2      1      1
     42     13      1      2      1      0
     43     24      1      2      0      0
     44     70      1      2      1      1
     45     16      3      2      1      1
     46     12      2      2      0      1
     47     20      3      2      1      1
     48     65      3      2      0      1
     49     40      2      2      1      0
     50     38      2      2      1      1
     51     68      2      2      1      1
     52     74      1      2      1      1
     53     14      1      2      1      1
     54     27      1      2      1      1
     55     31      1      2      0      1
     56     18      1      2      0      1
     57     39      1      2      0      0
     58     50      1      2      0      1
     59     31      1      2      0      1
     60     61      1      2      0      1
     61     18      3      1      0      0
     62      5      3      1      0      0
     63      2      3      1      0      1
     64     16      3      1      0      0
     65     59      3      1      1      1
     66     22      3      1      0      0
     67     24      1      1      0      1
     68     30      1      1      0      1
     69     46      1      1      0      1
     70     28      1      1      0      0
     71     27      1      1      0      1
     72     27      1      1      1      0
     73     28      1      1      0      1
     74     52      1      1      1      1
     75     11      3      1      0      1
     76      6      2      1      0      1
     77     46      3      1      0      0
     78     20      2      1      1      1
     79      3      1      1      0      1
     80     18      2      1      0      0
     81     25      2      1      0      0
     82      6      3      1      0      1
     83     65      3      1      1      1
     84     51      3      1      0      1
     85     39      2      1      0      1
     86      8      1      1      0      1
     87      8      2      1      0      0
     88     14      3      1      0      0
     89      6      3      1      0      0
     90      6      3      1      0      1
     91      7      3      1      0      0
     92      4      3      1      0      0
     93      8      3      1      0      0
     94      9      2      1      0      0
     95     32      3      1      1      0
     96     19      3      1      0      0
     97     11      3      1      0      0
     98     35      3      1      0      0
     99     16      1      1      0      0
    100      1      1      1      0      1
    101      6      1      1      0      1
    102     27      1      1      0      1
    103     25      1      1      0      1
    104     18      1      1      0      0
    105     37      3      1      0      0
    106     33      3      1      1      0
    107     27      2      1      0      0
    108      2      1      1      0      0
    109      8      2      1      0      0
    110      5      1      1      0      0
    111      1      1      1      0      1
    112     32      1      1      0      0
    113     25      1      1      1      1
    114     15      1      2      0      0
    115     15      1      2      0      1
    116     26      1      2      0      1
    117     42      1      2      1      1
    118      7      1      2      0      1
    119      2      1      2      0      0
    120     65      1      2      1      1
    121     33      2      2      0      1
    122      8      2      2      1      0
    123     30      2      2      0      0
    124      5      3      2      0      0
    125     15      3      2      0      0
    126     60      3      2      1      1
    127     13      3      2      1      1
    128     70      3      1      0      1
    129      5      3      1      0      0
    130      3      3      1      0      1
    131     50      2      1      0      1
    132      6      2      1      0      0
    133     12      2      1      0      1
    134     39      3      2      1      0
    135     15      2      2      0      1
    136     35      2      2      1      0
    137      2      2      2      0      1
    138     17      3      2      0      0
    139     43      3      2      1      1
    140     30      2      2      0      1
    141     11      1      2      0      1
    142     39      1      2      1      1
    143     32      1      2      0      1
    144     17      1      2      0      1
    145      3      3      2      0      1
    146      7      3      2      0      0
    147      2      2      2      0      0
    148     64      2      2      1      1
    149     13      1      2      1      1
    150     15      2      2      1      1
    151     48      2      2      0      1
    152     23      1      2      0      1
    153     48      1      2      1      0
    154     25      1      2      0      1
    155     12      1      2      0      1
    156     46      1      2      1      1
    157     79      1      2      0      1
    158     56      1      2      0      1
    159      8      1      2      0      1
    160     29      3      1      1      0
    161     35      3      1      1      0
    162     11      3      1      1      0
    163     69      3      1      0      1
    164     21      3      1      1      0
    165     13      3      1      0      0
    166     21      1      1      0      1
    167     32      1      1      1      1
    168     24      1      1      1      0
    169     24      1      1      0      1
    170     73      1      1      0      1
    171     42      1      1      0      1
    172     34      1      1      1      1
    173     30      2      1      0      0
    174      7      2      1      0      0
    175     29      3      1      1      0
    176     22      3      1      1      0
    177     38      2      1      0      1
    178     13      2      1      0      1
    179     12      2      1      0      1
    180     42      3      1      0      0
    181     17      3      1      1      0
    182     21      3      1      0      1
    183     34      1      1      0      1
    184      1      3      1      0      0
    185     14      2      1      0      0
    186     16      2      1      0      0
    187      9      3      1      0      0
    188     53      3      1      0      0
    189     27      3      1      0      0
    190     15      3      1      0      0
    191      9      3      1      0      0
    192      4      2      1      0      1
    193     10      3      1      0      1
    194     31      3      1      0      0
    195     85      3      1      0      1
    196     24      2      1      0      0
