 3.897    21    122    99
 3.885    14    132    71
 3.778    28    119    95
 2.540    22     99    75
 3.028    21    131    46
 3.865    31    139    77
 2.962    32    113    85
 3.961    27    136    99
 0.500    29     75    13
 3.178    26    106    97
 3.310    24    125    69
 3.538    30    142    99
 3.083    24    120    97
 3.013    24    107    55
 3.245    33    125    93
 2.963    27    121    80
 3.522    25    119    63
 3.013    31    128    78
 2.947    25    106    93
 2.118    20    123    22
 2.563    24    111    84
 3.357    21    113    87
 3.731    28    134    98
 3.925    27    128    95
 3.556    28    126    63
 3.101    26    121    79
 2.420    28    104    86
 2.579    22    113    90
 3.871    26    133    97
 3.060    21    125    39
 3.927    25    128    97
 2.375    16    112    57
 2.929    28    107    67
 3.375    26    115    81
 2.857    22    119    75
 3.072    24    113    63
 3.381    21    115    15
 3.290    30    110    95
 3.549    27    122    93
 3.646    26    118    99
 2.978    26    114    90
 2.654    30    112    99
 2.540    24    106    85
 2.250    26     95    84
 2.069    29    102    58
 2.617    24    114    86
 2.183    31    116    82
 2.000    15     93    34
 2.952    19    120    34
 3.806    18    117    23
 2.871    27    119    95
 3.352    16    115    41
 3.305    27    113    28
 2.952    26    108    68
 3.547    24    116    54
 3.691    30    135    77
 3.160    21    108    58
 2.194    20    110    73
 3.323    30    124    94
 3.936    29    130    98
 2.922    25    118    99
 2.716    23    110    91
 3.370    25    117    95
 3.606    23    123    72
 2.642    30    116    65
 2.452    21    109    53
 2.655    24    110    81
 3.714    32    126    41
 1.806    18     99    84
 3.516    23    121    84
 3.039    20    115    35
 2.966    23    127    70
 2.482    18     99    15
 2.700    18    108    47
 3.920    29    129    98
 2.834    20    103    77
 3.222    23    122    72
 3.084    26    118    29
 4.000    28    135    80
 3.511    34    139    88
 3.323    20    128    80
 3.072    20    120    46
 2.079    26    114    89
 3.875    32    133    91
 3.208    25    123    95
 2.920    27    111    83
 3.345    27    122    92
 3.956    29    136    99
 3.808    19    140    41
 2.506    21    109    68
 3.886    24    133    98
 2.183    27     98    59
 3.429    25    134    89
 3.024    18    124    89
 3.750    29    128    92
 3.833    24    149    97
 3.113    27    121    43
 2.875    21    117    52
 2.747    19    110    82
 2.311    18    104    61
 1.841    25     95    72
 1.583    18     96    33
 2.879    20    117    97
 3.591    32    130    97
 2.914    24    121    92
 3.716    35    125    99
 2.800    25    112    61
 3.621    28    136    72
 3.792    28    129    99
 2.867    25    106    76
 3.419    22    108    66
 3.600    30    138    70
 2.394    20    106    44
 2.286    20    111    33
 1.486    31    101    77
 3.885    20    113    57
 3.800    29    131    96
 3.914    28    140    97
 1.860    16    111    65
 2.948    28    110    85
