  7.1    23     78   1.93    45    0    1    0     302      5.710
  4.9    66     91   3.05    34    1    0    0     767      6.642
  6.4    90     35   1.06    39    1    0    1     487      6.188
  5.7    35     70   2.13    68    1    0    0     242      5.489
  6.1    42     69   2.25    70    0    0    1     705      6.558
  8.0    27     83   2.03    35    1    1    0     716      6.574
  6.8    34     51   1.27    44    0    0    0     266      5.583
  4.7    63     36   1.71    36    0    0    1     361      5.889
  7.0    47     67   1.60    54    0    1    0     460      6.131
  6.7    69     65   2.91    61    1    0    1    1060      6.966
  6.7    46     78   3.26    50    0    1    0     502      6.219
  5.8    60     86   3.11    57    0    0    0     882      6.782
  6.7    56     32   1.53    69    1    0    0     352      5.864
  6.8    51     58   2.18    45    1    1    0     307      5.727
  7.2    95     82   4.68    62    1    0    0    1227      7.112
  7.4    52     67   3.28    53    0    0    0     508      6.230
  5.3    53     62   2.42    39    1    0    0     419      6.038
  3.5    58     84   1.74    42    1    1    0     536      6.284
  6.8    74     79   2.25    36    0    0    1     902      6.805
  4.4    47     49   2.42    35    0    0    0     189      5.242
  7.0    66    118   4.69    59    0    0    0    1433      7.268
  6.7    61     57   3.87    66    1    1    0     815      6.703
  5.6    75    103   3.11    57    1    1    0    1144      7.042
  6.9    58     88   3.46    37    1    1    0     571      6.347
  6.2    62     57   1.25    53    1    0    1     591      6.382
  4.7    97     27   1.77    36    0    1    0     533      6.279
  6.8    69     60   2.90    56    1    1    0     534      6.280
  6.0    73     58   1.22    36    0    0    1     374      5.924
  5.9    50     62   3.19    69    0    1    0     222      5.403
  5.5    88     74   3.21    36    1    1    0     881      6.781
  3.8    55     52   1.41    69    1    0    0     470      6.153
  4.3    99     83   3.93    35    1    0    0     913      6.817
  6.6    48     54   2.94    59    1    0    1     527      6.267
  6.2    42     63   1.85    32    0    0    1     676      6.516
  5.0    60    105   3.17    34    1    0    0     850      6.745
  5.8    62     82   3.18    45    1    1    0     569      6.344
  5.2    56     49   1.48    54    0    1    0     182      5.204
  5.7    70     59   2.28    65    0    0    1     421      6.043
  4.7    64     48   1.30    56    1    1    0     245      5.501
  7.8    74     49   2.58    33    0    1    0     611      6.415
  4.8    52     45   2.71    63    0    1    0     338      5.823
  4.9    72     90   3.51    45    0    1    0     875      6.774
  4.6    73     57   2.82    38    1    0    0     750      6.620
  5.9    78     70   4.28    55    0    0    0     935      6.841
  4.6    69     70   3.17    43    1    1    0     583      6.368
  6.1    53     52   1.84    35    0    1    0     319      5.765
  5.9    88     98   3.33    36    1    1    0    1158      7.054
  4.7    66     68   1.80    35    1    0    1     553      6.315
 10.4    62     85   4.65    50    0    1    0    1041      6.948
  5.8    70     64   2.52    49    0    1    0     589      6.378
  5.4    64     81   1.36    62    0    1    0     599      6.395
  6.9    90     33   2.78    48    1    0    0     655      6.485
  7.9    45     55   2.46    43    0    1    0     377      5.932
  4.5    68     60   2.07    59    0    0    0     642      6.465
