   49.0   45.0   36.0   45.0
   55.0   30.0   28.0   40.0
   85.0   11.0   16.0   42.0
   32.0   30.0   46.0   40.0
   26.0   39.0   76.0   43.0
   28.0   42.0   78.0   27.0
   95.0   17.0   24.0   36.0
   26.0   63.0   80.0   42.0
   74.0   25.0   12.0   52.0
   37.0   32.0   27.0   35.0
   31.0   37.0   37.0   55.0
   49.0   29.0   34.0   47.0
   38.0   26.0   32.0   28.0
   41.0   38.0   45.0   30.0
   12.0   38.0   99.0   26.0
   44.0   25.0   38.0   47.0
   29.0   27.0   51.0   44.0
   40.0   37.0   32.0   54.0
   31.0   34.0   40.0   36.0
