  1    1    11    1    0    0
  1    2    17    1    0    0
  1    3    16    1    0    0
  1    4    14    1    0    0
  1    5    15    1    0    0
  2    1    12    0    1    0
  2    2    10    0    1    0
  2    3    15    0    1    0
  2    4    19    0    1    0
  2    5    11    0    1    0
  3    1    23    0    0    1
  3    2    20    0    0    1
  3    3    18    0    0    1
  3    4    17    0    0    1
  4    1    27   -1   -1   -1
  4    2    33   -1   -1   -1
  4    3    22   -1   -1   -1
  4    4    26   -1   -1   -1
  4    5    28   -1   -1   -1
