   29.0      1      1
   42.0      1      2
   38.0      1      3
   40.0      1      4
   43.0      1      5
   40.0      1      6
   30.0      1      7
   42.0      1      8
   30.0      2      1
   35.0      2      2
   39.0      2      3
   28.0      2      4
   31.0      2      5
   31.0      2      6
   29.0      2      7
   35.0      2      8
   29.0      2      9
   33.0      2     10
   26.0      3      1
   32.0      3      2
   21.0      3      3
   20.0      3      4
   23.0      3      5
   22.0      3      6
