  1    1    40   -3    9
  1    2    39   -3    9
  1    3    39   -3    9
  1    4    36   -3    9
  1    5    42   -3    9
  1    6    43   -3    9
  1    7    41   -3    9
  2    1    53   -1    1
  2    2    48   -1    1
  2    3    49   -1    1
  2    4    50   -1    1
  2    5    51   -1    1
  2    6    50   -1    1
  2    7    48   -1    1
  3    1    53    1    1
  3    2    58    1    1
  3    3    56    1    1
  3    4    59    1    1
  3    5    53    1    1
  3    6    59    1    1
  3    7    58    1    1
  4    1    63    3    9
  4    2    62    3    9
  4    3    59    3    9
  4    4    61    3    9
  4    5    62    3    9
  4    6    62    3    9
  4    7    61    3    9
