  666.0      1      1
  920.0      1      2
  495.0      1      3
  602.0      1      4
 1499.0      1      5
  960.0      1      6
  796.0      1      7
  343.0      1      8
  894.0      1      9
  813.0      1     10
  488.0      2      1
  362.0      2      2
  156.0      2      3
  546.0      2      4
  216.0      2      5
  542.0      2      6
  345.0      2      7
  291.0      2      8
  516.0      2      9
  126.0      2     10
  391.0      3      1
  450.0      3      2
  609.0      3      3
  910.0      3      4
  705.0      3      5
  472.0      3      6
  645.0      3      7
  496.0      3      8
  763.0      3      9
 1309.0      3     10
