  1    1   14.87    1    0    0    0    0   0.653
  1    2   16.81    1    0    0    0    0   0.653
  1    3   15.83    1    0    0    0    0   0.653
  1    4   15.47    1    0    0    0    0   0.653
  1    5   13.60    1    0    0    0    0   0.653
  1    6   14.76    1    0    0    0    0   0.653
  1    7   17.40    1    0    0    0    0   0.653
  1    8   14.62    1    0    0    0    0   0.653
  2    1   18.43    0    1    0    0    0   0.637
  2    2   18.76    0    1    0    0    0   0.637
  2    3   20.12    0    1    0    0    0   0.637
  2    4   19.11    0    1    0    0    0   0.637
  2    5   19.81    0    1    0    0    0   0.637
  2    6   18.43    0    1    0    0    0   0.637
  2    7   17.16    0    1    0    0    0   0.637
  2    8   16.40    0    1    0    0    0   0.637
  3    1   16.95    0    0    1    0    0   0.162
  3    2   12.28    0    0    1    0    0   0.162
  3    3   12.00    0    0    1    0    0   0.162
  3    4   13.18    0    0    1    0    0   0.162
  3    5   14.99    0    0    1    0    0   0.162
  3    6   15.76    0    0    1    0    0   0.162
  3    7   19.35    0    0    1    0    0   0.162
  3    8   15.52    0    0    1    0    0   0.162
  4    1    8.59    0    0    0    1    0   1.499
  4    2   10.90    0    0    0    1    0   1.499
  4    3    8.60    0    0    0    1    0   1.499
  4    4   10.13    0    0    0    1    0   1.499
  4    5   10.28    0    0    0    1    0   1.499
  4    6    9.98    0    0    0    1    0   1.499
  4    7    9.41    0    0    0    1    0   1.499
  4    8   10.04    0    0    0    1    0   1.499
  5    1   11.55    0    0    0    0    1   1.689
  5    2   13.36    0    0    0    0    1   1.689
  5    3   13.64    0    0    0    0    1   1.689
  5    4   12.16    0    0    0    0    1   1.689
  5    5   11.62    0    0    0    0    1   1.689
  5    6   12.39    0    0    0    0    1   1.689
  5    7   12.05    0    0    0    0    1   1.689
  5    8   11.95    0    0    0    0    1   1.689
