    7.6      1      1      1
    8.2      1      2      0
    6.8      1      3      0
    5.8      1      4      0
    6.9      1      5      0
    6.6      1      6      1
    6.3      1      7      1
    7.7      1      8      1
    6.0      1      9      1
    6.7      2      1      0
    8.1      2      2      0
    9.4      2      3      0
    8.6      2      4      0
    7.8      2      5      1
    7.7      2      6      1
    8.9      2      7      1
    7.9      2      8      1
    8.3      2      9      1
    8.7      2     10      0
    7.1      2     11      0
    8.4      2     12      0
    8.5      3      1      0
    9.7      3      2      1
   10.1      3      3      0
    7.8      3      4      1
    9.6      3      5      1
    9.5      3      6      0
