   23.0      1      1      0
   25.0      1      2      0
   21.0      1      3      1
   22.0      1      4      0
   21.0      1      5      1
   22.0      1      6      0
   20.0      1      7      1
   23.0      1      8      0
   19.0      1      9      1
   22.0      1     10      0
   19.0      1     11      1
   21.0      1     12      1
   28.0      2      1      0
   27.0      2      2      1
   27.0      2      3      1
   29.0      2      4      0
   26.0      2      5      1
   29.0      2      6      0
   27.0      2      7      1
   30.0      2      8      0
   28.0      2      9      0
   27.0      2     10      1
   26.0      2     11      1
   29.0      2     12      0
   23.0      3      1      0
   20.0      3      2      1
   25.0      3      3      0
   21.0      3      4      1
   22.0      3      5      0
   23.0      3      6      0
   21.0      3      7      0
   20.0      3      8      1
   19.0      3      9      1
   20.0      3     10      1
   22.0      3     11      0
   21.0      3     12      1
