   0.10      1      1
   0.28      1      2
   0.10      1      3
   0.47      1      4
   0.83      1      5
   0.65      1      6
   0.28      1      7
  -0.08      1      8
   0.10      1      9
  -0.26      1     10
  -0.45      1     11
  -0.63      1     12
  -1.00      1     13
  -0.63      1     14
  -0.45      1     15
  -0.08      1     16
   0.10      1     17
   0.10      1     18
   0.28      1     19
   0.28      1     20
  -1.44      2      1
  -1.44      2      2
  -1.12      2      3
  -1.28      2      4
  -0.95      2      5
  -0.62      2      6
  -0.29      2      7
  -0.46      2      8
  -0.29      2      9
   0.03      2     10
   0.20      2     11
   0.20      2     12
   0.36      2     13
   0.69      2     14
   0.85      2     15
   1.02      2     16
   0.85      2     17
   1.02      2     18
   1.18      2     19
   1.51      2     20
  -0.93      3      1
  -0.70      3      2
  -0.81      3      3
  -0.59      3      4
  -0.25      3      5
  -0.36      3      6
  -0.14      3      7
   0.00      3      8
  -0.14      3      9
   0.09      3     10
   0.20      3     11
   0.43      3     12
   0.31      3     13
   0.09      3     14
   0.20      3     15
   0.43      3     16
   0.54      3     17
   0.54      3     18
   0.43      3     19
   0.65      3     20
  -0.15      4      1
   0.11      4      2
   0.25      4      3
  -0.02      4      4
  -0.15      4      5
  -0.29      4      6
  -0.02      4      7
   0.11      4      8
   0.38      4      9
   0.25      4     10
  -0.02      4     11
  -0.42      4     12
  -0.29      4     13
  -0.42      4     14
  -0.15      4     15
  -0.15      4     16
   0.25      4     17
   0.11      4     18
   0.25      4     19
   0.38      4     20
