  240.0      1      1      1
  206.0      1      1      2
  217.0      1      1      3
  225.0      1      1      4
  110.0      1      2      1
  118.0      1      2      2
  103.0      1      2      3
   95.0      1      2      4
   56.0      1      3      1
   60.0      1      3      2
   68.0      1      3      3
   58.0      1      3      4
   71.0      2      1      1
   53.0      2      1      2
   68.0      2      1      3
   57.0      2      1      4
   47.0      2      2      1
   52.0      2      2      2
   31.0      2      2      3
   49.0      2      2      4
   37.0      2      3      1
   33.0      2      3      2
   40.0      2      3      3
   45.0      2      3      4
