   29.0      1      1   18.3
   42.0      1      2   30.0
   38.0      1      3   26.5
   40.0      1      4   28.1
   43.0      1      5   29.7
   40.0      1      6   27.8
   30.0      1      7   19.8
   42.0      1      8   29.3
   30.0      2      1   20.8
   35.0      2      2   25.2
   39.0      2      3   29.2
   28.0      2      4   20.0
   31.0      2      5   21.5
   31.0      2      6   22.1
   29.0      2      7   19.7
   35.0      2      8   24.7
   29.0      2      9   20.2
   33.0      2     10   22.9
   26.0      3      1   22.7
   32.0      3      2   28.7
   21.0      3      3   18.9
   20.0      3      4   18.0
   23.0      3      5   21.7
   22.0      3      6   20.0
