   11.0      1      1      1   42.0
    7.0      1      1      2   30.0
   12.0      1      1      3   47.0
    6.0      1      1      4   31.0
   10.0      1      1      5   35.0
   15.0      1      2      1   51.0
   12.0      1      2      2   35.0
   14.0      1      2      3   48.0
   11.0      1      2      4   38.0
   16.0      1      2      5   49.0
   12.0      2      1      1   43.0
   16.0      2      1      2   53.0
   10.0      2      1      3   40.0
   13.0      2      1      4   50.0
   14.0      2      1      5   49.0
   14.0      2      2      1   42.0
   17.0      2      2      2   47.0
   13.0      2      2      3   46.0
   20.0      2      2      4   59.0
   18.0      2      2      5   56.0
