  1    1    38    21   -4    1    0   -4    0
  1    2    39    26    1    1    0    1    0
  1    3    36    22   -3    1    0   -3    0
  1    4    45    28    3    1    0    3    0
  1    5    33    19   -6    1    0   -6    0
  2    1    43    34    9    0    1    0    9
  2    2    38    26    1    0    1    0    1
  2    3    38    29    4    0    1    0    4
  2    4    27    18   -7    0    1    0   -7
  2    5    34    25    0    0    1    0    0
  3    1    24    23   -2   -1   -1    2    2
  3    2    32    29    4   -1   -1   -4   -4
  3    3    31    30    5   -1   -1   -5   -5
  3    4    21    16   -9   -1   -1    9    9
  3    5    28    29    4   -1   -1   -4   -4
