  124.3      1      1      1      1
  120.6      1      1      1      2
  120.7      1      1      1      3
  122.6      1      1      1      4
  112.7      1      1      2      1
  110.2      1      1      2      2
  113.5      1      1      2      3
  108.6      1      1      2      4
  115.1      1      2      1      1
  119.9      1      2      1      2
  115.4      1      2      1      3
  117.3      1      2      1      4
   88.2      1      2      2      1
   96.0      1      2      2      2
   96.4      1      2      2      3
   90.1      1      2      2      4
  119.3      2      1      1      1
  118.9      2      1      1      2
  125.3      2      1      1      3
  121.4      2      1      1      4
  113.6      2      1      2      1
  109.1      2      1      2      2
  108.9      2      1      2      3
  112.3      2      1      2      4
  117.2      2      2      1      1
  114.4      2      2      1      2
  113.4      2      2      1      3
  120.0      2      2      1      4
   92.7      2      2      2      1
   91.1      2      2      2      2
   90.7      2      2      2      3
   87.9      2      2      2      4
   90.9      3      1      1      1
   95.3      3      1      1      2
   88.8      3      1      1      3
   92.0      3      1      1      4
   78.6      3      1      2      1
   80.6      3      1      2      2
   83.5      3      1      2      3
   77.1      3      1      2      4
   89.9      3      2      1      1
   83.0      3      2      1      2
   86.5      3      2      1      3
   82.7      3      2      1      4
   58.6      3      2      2      1
   63.5      3      2      2      2
   59.8      3      2      2      3
   62.3      3      2      2      4
