  1    1    1    1   24.1    1    1    1   1   1   1    1
  1    1    1    2   29.2    1    1    1   1   1   1    1
  1    1    2    1   17.6    1    1   -1   1  -1  -1   -1
  1    1    2    2   18.8    1    1   -1   1  -1  -1   -1
  1    1    2    3   23.2    1    1   -1   1  -1  -1   -1
  1    2    1    1   14.6    1   -1    1  -1   1  -1   -1
  1    2    1    2   15.3    1   -1    1  -1   1  -1   -1
  1    2    1    3   12.3    1   -1    1  -1   1  -1   -1
  1    2    2    1   14.9    1   -1   -1  -1  -1   1    1
  1    2    2    2   20.4    1   -1   -1  -1  -1   1    1
  1    2    2    3   12.8    1   -1   -1  -1  -1   1    1
  2    1    1    1   20.0   -1    1    1  -1  -1   1   -1
  2    1    1    2   21.9   -1    1    1  -1  -1   1   -1
  2    1    1    3   17.6   -1    1    1  -1  -1   1   -1
  2    1    2    1   14.8   -1    1   -1  -1   1  -1    1
  2    1    2    2   10.3   -1    1   -1  -1   1  -1    1
  2    1    2    3   11.3   -1    1   -1  -1   1  -1    1
  2    2    1    1   16.1   -1   -1    1   1  -1  -1    1
  2    2    1    3   10.8   -1   -1    1   1  -1  -1    1
  2    2    2    1   10.1   -1   -1   -1   1   1   1   -1
  2    2    2    2   14.4   -1   -1   -1   1   1   1   -1
  2    2    2    3    6.1   -1   -1   -1   1   1   1   -1
