 1250.0      1      1      1      1
 1175.0      1      1      1      2
 1236.0      1      1      1      3
 1239.0      1      1      1      4
 1193.0      1      1      1      5
 1021.0      1      1      2      1
 1099.0      1      1      2      2
 1069.0      1      1      2      3
  996.0      1      1      2      4
 1070.0      1      1      2      5
 1319.0      1      2      1      1
 1251.0      1      2      1      2
 1241.0      1      2      1      3
 1295.0      1      2      1      4
 1265.0      1      2      1      5
 1119.0      1      2      2      1
 1110.0      1      2      2      2
 1123.0      1      2      2      3
 1097.0      1      2      2      4
 1163.0      1      2      2      5
 1217.0      1      3      1      1
 1190.0      1      3      1      2
 1201.0      1      3      1      3
 1232.0      1      3      1      4
 1251.0      1      3      1      5
 1033.0      1      3      2      1
 1067.0      1      3      2      2
 1057.0      1      3      2      3
 1077.0      1      3      2      4
 1022.0      1      3      2      5
 1066.0      2      1      1      1
 1076.0      2      1      1      2
 1004.0      2      1      1      3
 1002.0      2      1      1      4
 1034.0      2      1      1      5
  864.0      2      1      2      1
  848.0      2      1      2      2
  881.0      2      1      2      3
  892.0      2      1      2      4
  868.0      2      1      2      5
 1105.0      2      2      1      1
 1043.0      2      2      1      2
 1051.0      2      2      1      3
 1128.0      2      2      1      4
 1060.0      2      2      1      5
  927.0      2      2      2      1
  944.0      2      2      2      2
  957.0      2      2      2      3
  897.0      2      2      2      4
  933.0      2      2      2      5
 1021.0      2      3      1      1
 1020.0      2      3      1      2
 1035.0      2      3      1      3
 1000.0      2      3      1      4
 1026.0      2      3      1      5
  841.0      2      3      2      1
  865.0      2      3      2      2
  817.0      2      3      2      3
  911.0      2      3      2      4
  868.0      2      3      2      5
