     10      1      1
     15      1      2
     14      1      3
      8      2      1
     12      2      2
     13      2      3
     21      3      1
     27      3      2
     25      3      3
     14      4      1
     17      4      2
     17      4      3
     12      5      1
     18      5      2
     16      5      3
      7      6      1
      9      6      2
     10      6      3
     24      7      1
     30      7      2
     27      7      3
     16      8      1
     18      8      2
     20      8      3
     23      9      1
     29      9      2
     32      9      3
     18     10      1
     22     10      2
     21     10      3
