  205.0      1      1
  204.0      1      2
  207.0      1      3
  202.0      1      4
  208.0      1      5
  206.0      1      6
  209.0      1      7
  205.0      1      8
  207.0      1      9
  206.0      1     10
  201.0      2      1
  204.0      2      2
  198.0      2      3
  203.0      2      4
  209.0      2      5
  207.0      2      6
  199.0      2      7
  206.0      2      8
  205.0      2      9
  204.0      2     10
  198.0      3      1
  204.0      3      2
  196.0      3      3
  201.0      3      4
  199.0      3      5
  203.0      3      6
  202.0      3      7
  198.0      3      8
  202.0      3      9
  197.0      3     10
  210.0      4      1
  209.0      4      2
  214.0      4      3
  215.0      4      4
  211.0      4      5
  208.0      4      6
  210.0      4      7
  209.0      4      8
  211.0      4      9
  210.0      4     10
