   11.0      1      1
   13.0      1      2
   10.0      1      3
   18.0      1      4
   15.0      1      5
   20.0      2      1
   28.0      2      2
   15.0      2      3
   30.0      2      4
   18.0      2      5
    8.0      3      1
   10.0      3      2
    8.0      3      3
   16.0      3      4
   12.0      3      5
   30.0      4      1
   35.0      4      2
   27.0      4      3
   41.0      4      4
   28.0      4      5
   14.0      5      1
   16.0      5      2
   13.0      5      3
   22.0      5      4
   16.0      5      5
   25.0      6      1
   27.0      6      2
   26.0      6      3
   33.0      6      4
   25.0      6      5
   43.0      7      1
   46.0      7      2
   41.0      7      3
   55.0      7      4
   42.0      7      5
   13.0      8      1
   14.0      8      2
   12.0      8      3
   20.0      8      4
   13.0      8      5
