   42.0      1      1      1
   56.0      1      1      2
   35.0      1      1      3
   40.0      1      1      4
   28.0      1      1      5
   26.0      1      2      1
   38.0      1      2      2
   42.0      1      2      3
   35.0      1      2      4
   53.0      1      2      5
   34.0      1      3      1
   51.0      1      3      2
   60.0      1      3      3
   29.0      1      3      4
   44.0      1      3      5
   47.0      2      1      1
   58.0      2      1      2
   39.0      2      1      3
   62.0      2      1      4
   65.0      2      1      5
   56.0      2      2      1
   43.0      2      2      2
   65.0      2      2      3
   70.0      2      2      4
   59.0      2      2      5
   68.0      2      3      1
   51.0      2      3      2
   49.0      2      3      3
   71.0      2      3      4
   57.0      2      3      5
   19.0      3      1      1
   36.0      3      1      2
   24.0      3      1      3
   12.0      3      1      4
   33.0      3      1      5
   18.0      3      2      1
   40.0      3      2      2
   27.0      3      2      3
   31.0      3      2      4
   23.0      3      2      5
   16.0      3      3      1
   28.0      3      3      2
   45.0      3      3      3
   30.0      3      3      4
   21.0      3      3      5
