   65.0      1      1      1
   58.0      1      1      2
   63.0      1      1      3
   57.0      1      1      4
   66.0      1      1      5
   68.0      1      2      1
   62.0      1      2      2
   75.0      1      2      3
   64.0      1      2      4
   70.0      1      2      5
   56.0      1      3      1
   65.0      1      3      2
   58.0      1      3      3
   70.0      1      3      4
   64.0      1      3      5
   45.0      1      4      1
   56.0      1      4      2
   54.0      1      4      3
   48.0      1      4      4
   60.0      1      4      5
   74.0      2      1      1
   81.0      2      1      2
   76.0      2      1      3
   80.0      2      1      4
   68.0      2      1      5
   69.0      2      2      1
   76.0      2      2      2
   80.0      2      2      3
   78.0      2      2      4
   73.0      2      2      5
   52.0      2      3      1
   56.0      2      3      2
   62.0      2      3      3
   58.0      2      3      4
   51.0      2      3      5
   73.0      2      4      1
   78.0      2      4      2
   83.0      2      4      3
   75.0      2      4      4
   76.0      2      4      5
   69.0      3      1      1
   83.0      3      1      2
   74.0      3      1      3
   78.0      3      1      4
   80.0      3      1      5
   63.0      3      2      1
   70.0      3      2      2
   72.0      3      2      3
   68.0      3      2      4
   75.0      3      2      5
   81.0      3      3      1
   72.0      3      3      2
   73.0      3      3      3
   76.0      3      3      4
   70.0      3      3      5
   67.0      3      4      1
   79.0      3      4      2
   73.0      3      4      3
   77.0      3      4      4
   71.0      3      4      5
