   28.0      1      1      1
   32.0      1      1      2
   26.0      1      2      1
   23.0      1      2      2
   31.0      1      3      1
   29.0      1      3      2
   27.0      1      4      1
   24.0      1      4      2
   35.0      1      5      1
   37.0      1      5      2
   34.0      2      1      1
   33.0      2      1      2
   29.0      2      2      1
   27.0      2      2      2
   25.0      2      3      1
   22.0      2      3      2
   31.0      2      4      1
   34.0      2      4      2
   29.0      2      5      1
   25.0      2      5      2
   31.0      3      1      1
   35.0      3      1      2
   25.0      3      2      1
   28.0      3      2      2
   27.0      3      3      1
   25.0      3      3      2
   29.0      3      4      1
   25.0      3      4      2
   28.0      3      5      1
   31.0      3      5      2
