   21.0      1      1
   21.0      1      2
   23.0      1      3
   35.0      1      4
   36.0      1      5
   48.0      1      6
   19.0      2      1
   24.0      2      2
   27.0      2      3
   36.0      2      4
   36.0      2      5
   46.0      2      6
   12.0      3      1
   25.0      3      2
   27.0      3      3
   26.0      3      4
   33.0      3      5
   40.0      3      6
    9.0      4      1
   17.0      4      2
   18.0      4      3
   27.0      4      4
   34.0      4      5
   39.0      4      6
    7.0      5      1
   10.0      5      2
   19.0      5      3
   25.0      5      4
   31.0      5      5
   38.0      5      6
   18.0      6      1
   26.0      6      2
   26.0      6      3
   29.0      6      4
   39.0      6      5
   44.0      6      6
    9.0      7      1
   12.0      7      2
   17.0      7      3
   22.0      7      4
   33.0      7      5
   40.0      7      6
   20.0      8      1
   20.0      8      2
   30.0      8      3
   30.0      8      4
   38.0      8      5
   41.0      8      6
   18.0      9      1
   18.0      9      2
   27.0      9      3
   31.0      9      4
   42.0      9      5
   49.0      9      6
    8.0     10      1
   12.0     10      2
   11.0     10      3
   24.0     10      4
   26.0     10      5
   31.0     10      6
   18.0     11      1
   22.0     11      2
   25.0     11      3
   32.0     11      4
   38.0     11      5
   38.0     11      6
   17.0     12      1
   23.0     12      2
   26.0     12      3
   28.0     12      4
   34.0     12      5
   35.0     12      6
