   4    1    1    1
   3    1    1    2
   5    1    1    3
   5    1    1    4
   4    1    1    5
   1    2    1    1
   3    2    1    2
   6    2    1    3
   3    2    1    4
   8    2    1    5
   3    3    1    1
   1    3    1    2
   4    3    1    3
   4    3    1    4
   7    3    1    5
   1    4    1    1
   4    4    1    2
   3    4    1    3
   2    4    1    4
   7    4    1    5
   3    1    2    1
   6    1    2    2
  12    1    2    3
  22    1    2    4
  11    1    2    5
   3    2    2    1
   5    2    2    2
   8    2    2    3
  18    2    2    4
  12    2    2    5
   4    3    2    1
   7    3    2    2
  10    3    2    3
  20    3    2    4
  14    3    2    5
   2    4    2    1
   4    4    2    2
   7    4    2    3
  16    4    2    4
   8    4    2    5
