   62.1      1      1
   61.3      1      2
   60.8      1      3
   58.2      2      1
   57.9      2      2
   55.1      2      3
   51.6      3      1
   49.2      3      2
   46.2      3      3
   53.7      4      1
   51.5      4      2
   48.3      4      3
   61.4      5      1
   58.7      5      2
   56.6      5      3
   58.5      6      1
   57.2      6      2
   54.3      6      3
   46.8      7      1
   43.2      7      2
   41.5      7      3
   51.2      8      1
   49.8      8      2
   47.9      8      3
