   43.0      1      1      1
   48.0      1      1      2
   63.0      1      2      1
   70.0      1      2      2
   40.0      2      1      1
   43.0      2      1      2
   52.0      2      2      1
   53.0      2      2      2
   31.0      3      1      1
   36.0      3      1      2
   45.0      3      2      1
   48.0      3      2      2
   27.0      4      1      1
   30.0      4      1      2
   47.0      4      2      1
   51.0      4      2      2
   36.0      5      1      1
   39.0      5      1      2
   54.0      5      2      1
   57.0      5      2      2
