   40.0      1      1      3      1
   35.0      1      1      3      2
   31.0      1      1      3      3
   18.0      1      2      1      1
   25.0      1      2      1      2
   22.0      1      2      1      3
   30.0      1      3      2      1
   37.0      1      3      2      2
   28.0      1      3      2      3
   10.0      2      1      2      1
   18.0      2      1      2      2
   15.0      2      1      2      3
   43.0      2      2      3      1
   49.0      2      2      3      2
   48.0      2      2      3      3
   33.0      2      3      1      1
   37.0      2      3      1      2
   29.0      2      3      1      3
    7.0      3      1      1      1
   11.0      3      1      1      2
   19.0      3      1      1      3
   19.0      3      2      2      1
   24.0      3      2      2      2
   21.0      3      2      2      3
   59.0      3      3      3      1
   51.0      3      3      3      2
   62.0      3      3      3      3
