   1   1   6   1   0   0   0   0   0   0   0   0   1   0   0   0
   1   2   6   1   0   0   0   0   0   0   0   0   0   1   0   0
   1   3   8   1   0   0   0   0   0   0   0   0   0   0   1   0
   2   1   3   0   1   0   0   0   0   0   0   0   1   0   0   0
   2   2   7   0   1   0   0   0   0   0   0   0   0   1   0   0
   2   4   7   0   1   0   0   0   0   0   0   0   0   0   0   1
   3   1   6   0   0   1   0   0   0   0   0   0   1   0   0   0
   3   2   8   0   0   1   0   0   0   0   0   0   0   1   0   0
   3   5   6   0   0   1   0   0   0   0   0   0  -1  -1  -1  -1
   4   1   3   0   0   0   1   0   0   0   0   0   1   0   0   0
   4   3   5   0   0   0   1   0   0   0   0   0   0   0   1   0
   4   4   6   0   0   0   1   0   0   0   0   0   0   0   0   1
   5   1   6   0   0   0   0   1   0   0   0   0   1   0   0   0
   5   3   9   0   0   0   0   1   0   0   0   0   0   0   1   0
   5   5   6   0   0   0   0   1   0   0   0   0  -1  -1  -1  -1
   6   1   3   0   0   0   0   0   1   0   0   0   1   0   0   0
   6   4   6   0   0   0   0   0   1   0   0   0   0   0   0   1
   6   5   4   0   0   0   0   0   1   0   0   0  -1  -1  -1  -1
   7   2   8   0   0   0   0   0   0   1   0   0   0   1   0   0
   7   3   9   0   0   0   0   0   0   1   0   0   0   0   1   0
   7   4   6   0   0   0   0   0   0   1   0   0   0   0   0   1
   8   2   7   0   0   0   0   0   0   0   1   0   0   1   0   0
   8   3   7   0   0   0   0   0   0   0   1   0   0   0   1   0
   8   5   3   0   0   0   0   0   0   0   1   0  -1  -1  -1  -1
   9   2   7   0   0   0   0   0   0   0   0   1   0   1   0   0
   9   4   5   0   0   0   0   0   0   0   0   1   0   0   0   1
   9   5   3   0   0   0   0   0   0   0   0   1  -1  -1  -1  -1
  10   3  10  -1  -1  -1  -1  -1  -1  -1  -1  -1   0   0   1   0
  10   4   9  -1  -1  -1  -1  -1  -1  -1  -1  -1   0   0   0   1
  10   5   6  -1  -1  -1  -1  -1  -1  -1  -1  -1  -1  -1  -1  -1
