  13    3     1    1
  20    8     1    2
   7    4     1    3
   6    4     2    1
  29    9     2    2
  17    2     2    3
  15    3     3    1
  23    6     3    2
  31    9     3    3
  31    9     4    1
  26    5     4    2
  20    1     4    3
  16    2     5    1
  21    7     5    2
  23    6     5    3
  23    6     6    1
  26    5     6    2
   6    4     6    3
  28    9     7    1
  19    8     7    2
  21    7     7    3
  20    7     8    1
  20    1     8    2
   7    4     8    3
  24    6     9    1
  19    8     9    2
  20    1     9    3
  26    5    10    1
  19    8    10    2
  17    2    10    3
  24    5    11    1
  14    3    11    2
  19    7    11    3
  11    3    12    1
  17    2    12    2
  19    1    12    3
