  43  1  -1  -1  -1  -1  -1  -1
  61  1   1   1   1   1  -1  -1
  60  1  -1   1   1  -1   1  -1
  55  1   1  -1  -1   1   1  -1
  53  1   1  -1   1  -1  -1   1
  62  1  -1   1  -1   1  -1   1
  74  1   1   1  -1  -1   1   1
  70  1  -1  -1   1   1   1   1
  62  2  -1   1   1  -1  -1  -1
  61  2   1  -1  -1   1  -1  -1
  47  2  -1  -1  -1  -1   1  -1
  77  2   1   1   1   1   1  -1
  69  2   1   1  -1  -1  -1   1
  67  2  -1  -1   1   1  -1   1
  57  2   1  -1   1  -1   1   1
  68  2  -1   1  -1   1   1   1
  60  3   1   1   1  -1  -1  -1
  54  3  -1  -1  -1   1  -1  -1
  50  3   1  -1  -1  -1   1  -1
  68  3  -1   1   1   1   1  -1
  64  3  -1   1  -1  -1  -1   1
  76  3   1  -1   1   1  -1   1
  69  3  -1  -1   1  -1   1   1
  80  3   1   1  -1   1   1   1
  59  4   1  -1  -1  -1  -1  -1
  75  4  -1   1   1   1  -1  -1
  82  4   1   1   1  -1   1  -1
  65  4  -1  -1  -1   1   1  -1
  63  4  -1  -1   1  -1  -1   1
  74  4   1   1  -1   1  -1   1
  77  4  -1   1  -1  -1   1   1
  70  4   1  -1   1   1   1   1
  56  5  -1   1  -1  -1  -1  -1
  62  5   1  -1   1   1  -1  -1
  54  5  -1  -1   1  -1   1  -1
  72  5   1   1  -1   1   1  -1
  71  5   1   1   1  -1  -1   1
  52  5  -1  -1  -1   1  -1   1
  60  5   1  -1  -1  -1   1   1
  78  5  -1   1   1   1   1   1
  45  6  -1  -1   1  -1  -1  -1
  65  6   1   1  -1   1  -1  -1
  67  6  -1   1  -1  -1   1  -1
  60  6   1  -1   1   1   1  -1
  57  6   1  -1  -1  -1  -1   1
  64  6  -1   1   1   1  -1   1
  82  6   1   1   1  -1   1   1
  63  6  -1  -1  -1   1   1   1
  47  7   1  -1   1  -1  -1  -1
  54  7  -1   1  -1   1  -1  -1
  57  7   1   1  -1  -1   1  -1
  52  7  -1  -1   1   1   1  -1
  35  7  -1  -1  -1  -1  -1   1
  70  7   1   1   1   1  -1   1
  66  7  -1   1   1  -1   1   1
  54  7   1  -1  -1   1   1   1
  76  8   1   1  -1  -1  -1  -1
  59  8  -1  -1   1   1  -1  -1
  71  8   1  -1   1  -1   1  -1
  76  8  -1   1  -1   1   1  -1
  73  8  -1   1   1  -1  -1   1
  66  8   1  -1  -1   1  -1   1
  64  8  -1  -1  -1  -1   1   1
  91  8   1   1   1   1   1   1
