
  101.2    1   1   1   1  -1   1  -1  -1   1
   92.9   -1  -1  -1  -1  -1  -1  -1  -1   1
  129.9    1   1   1   1   1  -1  -1  -1  -1
   54.1   -1  -1   1   1   1  -1   1  -1   1
   26.2   -1  -1   1   1  -1   1   1  -1  -1
   68.6   -1   1  -1   1  -1  -1  -1   1  -1
   84.1    1   1  -1  -1   1   1   1  -1   1
   99.6    1  -1  -1   1   1   1   1   1  -1
   31.4   -1   1   1  -1  -1   1   1   1   1
   73.4    1  -1   1  -1  -1   1  -1   1  -1
   27.6    1  -1  -1   1  -1  -1   1   1   1
   33.6   -1   1   1  -1   1  -1   1   1  -1
   72.5   -1   1  -1   1   1   1  -1   1   1
   73.4   -1  -1  -1  -1   1   1  -1  -1  -1
   31.6    1   1  -1  -1  -1  -1   1  -1  -1
  121.6    1  -1   1  -1   1  -1  -1   1   1
