   8.69  -1  -1  -1  -1  -1
   7.71   1  -1  -1  -1  -1
   9.03  -1   1  -1  -1  -1
  10.82   1   1  -1  -1  -1
   8.04  -1  -1   1  -1  -1
  11.54   1  -1   1  -1  -1
   6.61  -1   1   1  -1  -1
  10.71   1   1   1  -1  -1
   6.60  -1  -1  -1   1  -1
   7.84   1  -1  -1   1  -1
   5.45  -1   1  -1   1  -1
   6.62   1   1  -1   1  -1
   6.01  -1  -1   1   1  -1
   9.53   1  -1   1   1  -1
   7.14  -1   1   1   1  -1
   8.72   1   1   1   1  -1
   1.24  -1  -1  -1  -1   1
   6.52   1  -1  -1  -1   1
   2.73  -1   1  -1  -1   1
   4.74   1   1  -1  -1   1
   6.34  -1  -1   1  -1   1
  13.73   1  -1   1  -1   1
   6.59  -1   1   1  -1   1
  13.02   1   1   1  -1   1
   0.69  -1  -1  -1   1   1
   5.19   1  -1  -1   1   1
   1.12  -1   1  -1   1   1
   4.53   1   1  -1   1   1
   4.89  -1  -1   1   1   1
   6.67   1  -1   1   1   1
   2.78  -1   1   1   1   1
   7.45   1   1   1   1   1
