 5.55  1  -1  -1  -1  -1   1   1   1   1   1   1  -1  -1  -1  -1   1
 4.47  1   1  -1  -1  -1  -1  -1  -1   1   1   1   1   1   1  -1  -1
 5.19  1  -1   1  -1  -1  -1   1   1  -1  -1   1   1   1  -1   1  -1
 5.32  1   1   1  -1  -1   1  -1  -1  -1  -1   1  -1  -1   1   1   1
10.54  1  -1  -1   1  -1   1  -1   1  -1   1  -1   1  -1   1   1  -1
11.56  1   1  -1   1  -1  -1   1  -1  -1   1  -1  -1   1  -1   1   1
 5.08  1  -1   1   1  -1  -1  -1   1   1  -1  -1  -1   1   1  -1   1
 5.45  1   1   1   1  -1   1   1  -1   1  -1  -1   1  -1  -1  -1  -1
 5.12  1  -1  -1  -1   1   1   1  -1   1  -1  -1  -1   1   1   1  -1
 5.63  1   1  -1  -1   1  -1  -1   1   1  -1  -1   1  -1  -1   1   1
 6.18  1  -1   1  -1   1  -1   1  -1  -1   1  -1   1  -1   1  -1   1
 5.24  1   1   1  -1   1   1  -1   1  -1   1  -1  -1   1  -1  -1  -1
10.73  1  -1  -1   1   1   1  -1  -1  -1  -1   1   1   1  -1  -1   1
10.33  1   1  -1   1   1  -1   1   1  -1  -1   1  -1  -1   1  -1  -1
 6.53  1  -1   1   1   1  -1  -1  -1   1   1   1  -1  -1  -1   1  -1
 4.93  1   1   1   1   1   1   1   1   1   1   1   1   1   1   1   1
