  124  1  -1  -1  -1  -1   1
  144  1   1   1  -1  -1   1
  144  1   1  -1   1  -1   1
   69  1  -1   1   1  -1   1
  101  1  -1  -1  -1   1  -1
  136  1   1   1  -1   1  -1
  117  1   1  -1   1   1  -1
   45  1  -1   1   1   1  -1
  118  1   0   0   0   0   0
  126  1   0   0   0   0   0
  146  1   0   0   0   0   0
  107  2   1  -1  -1  -1  -1
    5  2  -1   1  -1  -1  -1
  106  2  -1  -1   1  -1  -1
  134  2   1   1   1  -1  -1
  129  2   1  -1  -1   1   1
   77  2  -1   1  -1   1   1
  128  2  -1  -1   1   1   1
  171  2   1   1   1   1   1
  121  2   0   0   0   0   0
  127  2   0   0   0   0   0
  115  2   0   0   0   0   0
