  10.82  -1  -1  -1  -1  -1  -1  -1
  10.59   1  -1  -1  -1   1  -1   1
   8.19  -1   1  -1  -1   1   1   1
  10.01   1   1  -1  -1  -1   1  -1
  10.78  -1  -1   1  -1   1   1  -1
   8.30   1  -1   1  -1  -1   1   1
   8.86  -1   1   1  -1  -1  -1   1
  13.29   1   1   1  -1   1  -1  -1
   4.70  -1  -1  -1   1  -1   1   1
   7.18   1  -1  -1   1   1   1  -1
   7.55  -1   1  -1   1   1  -1  -1
   5.02   1   1  -1   1  -1  -1   1
   6.71  -1  -1   1   1   1  -1   1
   5.12   1  -1   1   1  -1  -1  -1
   5.60  -1   1   1   1  -1   1  -1
   5.73   1   1   1   1   1   1   1
