 -1   -1   -1   -1   -1    0.8   0.4    0.0   0.0  -1.920   1.245
  1   -1   -1    1   -1    3.2   0.0    0.0   0.0   0.940   0.195
 -1    1   -1    1   -1    0.0   0.0    0.0   2.4   0.365   1.245
  1    1   -1   -1   -1    5.8   0.0    0.0   2.8   2.036   0.195
 -1   -1    1    1   -1    0.0   3.0    0.0   2.4   0.912   1.245
  1   -1    1   -1   -1    0.0   1.2    0.0   4.0   1.270   0.195
 -1    1    1   -1   -1    0.0   2.6    0.0   1.2   0.425   1.245
  1    1    1    1   -1    1.0   2.3    5.2   0.0   1.627   0.195
 -1   -1   -1   -1    1    9.8   2.5   13.8   2.0   3.500   0.009
  1   -1   -1    1    1    6.4   3.0   13.0   0.0   3.440   0.058
 -1    1   -1    1    1    8.8   2.0   31.0   0.4   5.294   0.009
  1    1   -1   -1    1    1.8   3.4    6.9   0.0   2.152   0.058
 -1   -1    1    1    1    6.8   2.4   26.4   0.0   4.970   0.009
  1   -1    1   -1    1    4.0   2.2   12.6   3.4   3.120   0.058
 -1    1    1   -1    1   10.2   1.8   38.8   3.2   5.697   0.009
  1    1    1    1    1    7.8   1.4    6.4   5.6   2.026   0.058
