 -1   -1   -1   -1   3.88   3.10   5.30
  1   -1   -1   -1   3.17   2.75   4.90
 -1    1   -1   -1   4.07   3.05   5.15
  1    1   -1   -1   3.22   2.42   4.40
 -1   -1    1   -1   4.00   3.10   5.85
  1   -1    1   -1   3.65   2.00   4.75
 -1    1    1   -1   3.93   2.60   5.12
  1    1    1   -1   3.33   2.01   4.52
 -1   -1   -1    1   4.45   3.25   6.20
  1   -1   -1    1   3.70   2.62   5.30
 -1    1   -1    1   4.55   3.00   5.75
  1    1   -1    1   4.05   2.31   4.72
 -1   -1    1    1   3.92   2.74   5.33
  1   -1    1    1   3.20   1.62   3.50
 -1    1    1    1   3.61   2.50   4.53
  1    1    1    1   3.11   1.82   3.95
