 24.1    1   -1   -1   -1    1    1    1   -1
 29.2    1   -1   -1   -1    1    1    1   -1
 24.6    1   -1   -1   -1    1    1    1   -1
 20.0    1    1   -1   -1   -1   -1    1    1
 21.9    1    1   -1   -1   -1   -1    1    1
 17.6    1    1   -1   -1   -1   -1    1    1
 14.6    1   -1    1    1   -1   -1    1   -1
 15.3    1   -1    1    1   -1   -1    1   -1
 12.3    1   -1    1    1   -1   -1    1   -1
 16.1    1    1    1    1    1    1    1    1
  9.3    1    1    1    1    1    1    1    1
 10.8    1    1    1    1    1    1    1    1
 17.6    1   -1   -1   -1    1    1    1   -1
 18.8    1   -1   -1   -1    1    1    1   -1
 23.2    1   -1   -1   -1    1    1    1   -1
 14.8    1    1   -1   -1   -1   -1    1    1
 10.3    1    1   -1   -1   -1   -1    1    1
 11.3    1    1   -1   -1   -1   -1    1    1
 14.9    1   -1    1    1   -1   -1    1   -1
 20.4    1   -1    1    1   -1   -1    1   -1
 12.8    1   -1    1    1   -1   -1    1   -1
 10.1    1    1    1    1    1    1    1    1
 14.4    1    1    1    1    1    1    1    1
  6.1    1    1    1    1    1    1    1    1
